        1000   864.00000000000000        864.00000000000000     
        2000   1168.0000000000000        1168.0000000000000     
        3000   1256.0000000000000        1256.0000000000000     
        4000   1344.0000000000000        1344.0000000000000     
        5000   1352.0000000000000        1352.0000000000000     
        6000   1368.0000000000000        1368.0000000000000     
        7000   1368.0000000000000        1368.0000000000000     
        8000   1368.0000000000000        1368.0000000000000     
        9000   1368.0000000000000        1368.0000000000000     
       10000   1376.0000000000000        1376.0000000000000     
       11000   1384.0000000000000        1384.0000000000000     
       12000   1392.0000000000000        1392.0000000000000     
       13000   1400.0000000000000        1400.0000000000000     
       14000   1400.0000000000000        1400.0000000000000     
       15000   1400.0000000000000        1400.0000000000000     
       16000   1400.0000000000000        1400.0000000000000     
       17000   1400.0000000000000        1400.0000000000000     
       18000   1400.0000000000000        1400.0000000000000     
       19000   1408.0000000000000        1408.0000000000000     
       20000   1424.0000000000000        1424.0000000000000     
       21000   1424.0000000000000        1424.0000000000000     
       22000   1424.0000000000000        1424.0000000000000     
       23000   1432.0000000000000        1432.0000000000000     
       24000   1432.0000000000000        1432.0000000000000     
       25000   1432.0000000000000        1432.0000000000000     
       26000   1432.0000000000000        1432.0000000000000     
       27000   1440.0000000000000        1440.0000000000000     
       28000   1440.0000000000000        1440.0000000000000     
       29000   1440.0000000000000        1440.0000000000000     
       30000   1440.0000000000000        1440.0000000000000     
       31000   1440.0000000000000        1440.0000000000000     
       32000   1440.0000000000000        1440.0000000000000     
       33000   1440.0000000000000        1440.0000000000000     
       34000   1440.0000000000000        1440.0000000000000     
       35000   1440.0000000000000        1440.0000000000000     
       36000   1440.0000000000000        1440.0000000000000     
       37000   1440.0000000000000        1440.0000000000000     
       38000   1440.0000000000000        1440.0000000000000     
       39000   1440.0000000000000        1440.0000000000000     
       40000   1440.0000000000000        1440.0000000000000     
       41000   1440.0000000000000        1440.0000000000000     
       42000   1440.0000000000000        1440.0000000000000     
       43000   1440.0000000000000        1440.0000000000000     
       44000   1440.0000000000000        1440.0000000000000     
       45000   1440.0000000000000        1440.0000000000000     
       46000   1440.0000000000000        1440.0000000000000     
       47000   1440.0000000000000        1440.0000000000000     
       48000   1440.0000000000000        1440.0000000000000     
       49000   1440.0000000000000        1440.0000000000000     
       50000   1440.0000000000000        1440.0000000000000     
       51000   1440.0000000000000        1440.0000000000000     
       52000   1440.0000000000000        1440.0000000000000     
       53000   1440.0000000000000        1440.0000000000000     
       54000   1440.0000000000000        1440.0000000000000     
       55000   1440.0000000000000        1440.0000000000000     
       56000   1440.0000000000000        1440.0000000000000     
       57000   1440.0000000000000        1440.0000000000000     
       58000   1440.0000000000000        1440.0000000000000     
       59000   1440.0000000000000        1440.0000000000000     
       60000   1440.0000000000000        1440.0000000000000     
       61000   1440.0000000000000        1440.0000000000000     
       62000   1440.0000000000000        1440.0000000000000     
       63000   1440.0000000000000        1440.0000000000000     
       64000   1440.0000000000000        1440.0000000000000     
       65000   1440.0000000000000        1440.0000000000000     
       66000   1440.0000000000000        1440.0000000000000     
       67000   1440.0000000000000        1440.0000000000000     
       68000   1440.0000000000000        1440.0000000000000     
       69000   1440.0000000000000        1440.0000000000000     
       70000   1440.0000000000000        1440.0000000000000     
       71000   1440.0000000000000        1440.0000000000000     
       72000   1440.0000000000000        1440.0000000000000     
       73000   1440.0000000000000        1440.0000000000000     
       74000   1440.0000000000000        1440.0000000000000     
       75000   1440.0000000000000        1440.0000000000000     
       76000   1440.0000000000000        1440.0000000000000     
       77000   1440.0000000000000        1440.0000000000000     
       78000   1440.0000000000000        1440.0000000000000     
       79000   1440.0000000000000        1440.0000000000000     
       80000   1440.0000000000000        1440.0000000000000     
       81000   1440.0000000000000        1440.0000000000000     
       82000   1440.0000000000000        1440.0000000000000     
       83000   1440.0000000000000        1440.0000000000000     
       84000   1440.0000000000000        1440.0000000000000     
       85000   1440.0000000000000        1440.0000000000000     
       86000   1440.0000000000000        1440.0000000000000     
       87000   1440.0000000000000        1440.0000000000000     
       88000   1440.0000000000000        1440.0000000000000     
       89000   1440.0000000000000        1440.0000000000000     
       90000   1440.0000000000000        1440.0000000000000     
       91000   1440.0000000000000        1440.0000000000000     
       92000   1440.0000000000000        1440.0000000000000     
       93000   1440.0000000000000        1440.0000000000000     
       94000   1440.0000000000000        1440.0000000000000     
       95000   1440.0000000000000        1440.0000000000000     
       96000   1440.0000000000000        1440.0000000000000     
       97000   1440.0000000000000        1440.0000000000000     
       98000   1440.0000000000000        1440.0000000000000     
       99000   1440.0000000000000        1440.0000000000000     
      100000   1440.0000000000000        1440.0000000000000     
      101000   1440.0000000000000        1440.0000000000000     
      102000   1440.0000000000000        1440.0000000000000     
      103000   1440.0000000000000        1440.0000000000000     
      104000   1440.0000000000000        1440.0000000000000     
      105000   1440.0000000000000        1440.0000000000000     
      106000   1440.0000000000000        1440.0000000000000     
      107000   1440.0000000000000        1440.0000000000000     
      108000   1440.0000000000000        1440.0000000000000     
      109000   1440.0000000000000        1440.0000000000000     
      110000   1440.0000000000000        1440.0000000000000     
      111000   1440.0000000000000        1440.0000000000000     
      112000   1440.0000000000000        1440.0000000000000     
      113000   1440.0000000000000        1440.0000000000000     
      114000   1440.0000000000000        1440.0000000000000     
      115000   1440.0000000000000        1440.0000000000000     
      116000   1440.0000000000000        1440.0000000000000     
      117000   1440.0000000000000        1440.0000000000000     
      118000   1440.0000000000000        1440.0000000000000     
      119000   1440.0000000000000        1440.0000000000000     
      120000   1440.0000000000000        1440.0000000000000     
      121000   1440.0000000000000        1440.0000000000000     
      122000   1440.0000000000000        1440.0000000000000     
      123000   1440.0000000000000        1440.0000000000000     
      124000   1440.0000000000000        1440.0000000000000     
      125000   1440.0000000000000        1440.0000000000000     
      126000   1440.0000000000000        1440.0000000000000     
      127000   1440.0000000000000        1440.0000000000000     
      128000   1440.0000000000000        1440.0000000000000     
      129000   1440.0000000000000        1440.0000000000000     
      130000   1440.0000000000000        1440.0000000000000     
      131000   1440.0000000000000        1440.0000000000000     
      132000   1440.0000000000000        1440.0000000000000     
      133000   1440.0000000000000        1440.0000000000000     
      134000   1440.0000000000000        1440.0000000000000     
      135000   1440.0000000000000        1440.0000000000000     
      136000   1440.0000000000000        1440.0000000000000     
      137000   1440.0000000000000        1440.0000000000000     
      138000   1440.0000000000000        1440.0000000000000     
      139000   1440.0000000000000        1440.0000000000000     
      140000   1440.0000000000000        1440.0000000000000     
      141000   1440.0000000000000        1440.0000000000000     
      142000   1440.0000000000000        1440.0000000000000     
      143000   1440.0000000000000        1440.0000000000000     
      144000   1440.0000000000000        1440.0000000000000     
      145000   1440.0000000000000        1440.0000000000000     
      146000   1440.0000000000000        1440.0000000000000     
      147000   1440.0000000000000        1440.0000000000000     
      148000   1440.0000000000000        1440.0000000000000     
      149000   1440.0000000000000        1440.0000000000000     
      150000   1440.0000000000000        1440.0000000000000     
      151000   1440.0000000000000        1440.0000000000000     
      152000   1440.0000000000000        1440.0000000000000     
      153000   1440.0000000000000        1440.0000000000000     
      154000   1440.0000000000000        1440.0000000000000     
      155000   1440.0000000000000        1440.0000000000000     
      156000   1440.0000000000000        1440.0000000000000     
      157000   1440.0000000000000        1440.0000000000000     
      158000   1440.0000000000000        1440.0000000000000     
      159000   1440.0000000000000        1440.0000000000000     
      160000   1440.0000000000000        1440.0000000000000     
      161000   1440.0000000000000        1440.0000000000000     
      162000   1440.0000000000000        1440.0000000000000     
      163000   1440.0000000000000        1440.0000000000000     
      164000   1440.0000000000000        1440.0000000000000     
      165000   1440.0000000000000        1440.0000000000000     
      166000   1440.0000000000000        1440.0000000000000     
      167000   1440.0000000000000        1440.0000000000000     
      168000   1440.0000000000000        1440.0000000000000     
      169000   1440.0000000000000        1440.0000000000000     
      170000   1440.0000000000000        1440.0000000000000     
      171000   1440.0000000000000        1440.0000000000000     
      172000   1440.0000000000000        1440.0000000000000     
      173000   1440.0000000000000        1440.0000000000000     
      174000   1440.0000000000000        1440.0000000000000     
      175000   1440.0000000000000        1440.0000000000000     
      176000   1440.0000000000000        1440.0000000000000     
      177000   1440.0000000000000        1440.0000000000000     
      178000   1440.0000000000000        1440.0000000000000     
      179000   1440.0000000000000        1440.0000000000000     
      180000   1440.0000000000000        1440.0000000000000     
      181000   1440.0000000000000        1440.0000000000000     
      182000   1440.0000000000000        1440.0000000000000     
      183000   1440.0000000000000        1440.0000000000000     
      184000   1440.0000000000000        1440.0000000000000     
      185000   1440.0000000000000        1440.0000000000000     
      186000   1440.0000000000000        1440.0000000000000     
      187000   1440.0000000000000        1440.0000000000000     
      188000   1440.0000000000000        1440.0000000000000     
      189000   1440.0000000000000        1440.0000000000000     
      190000   1440.0000000000000        1440.0000000000000     
      191000   1440.0000000000000        1440.0000000000000     
      192000   1440.0000000000000        1440.0000000000000     
      193000   1440.0000000000000        1440.0000000000000     
      194000   1440.0000000000000        1440.0000000000000     
      195000   1440.0000000000000        1440.0000000000000     
      196000   1440.0000000000000        1440.0000000000000     
      197000   1440.0000000000000        1440.0000000000000     
      198000   1440.0000000000000        1440.0000000000000     
      199000   1440.0000000000000        1440.0000000000000     
      200000   1440.0000000000000        1440.0000000000000     
      201000   1440.0000000000000        1440.0000000000000     
      202000   1440.0000000000000        1440.0000000000000     
      203000   1440.0000000000000        1440.0000000000000     
      204000   1440.0000000000000        1440.0000000000000     
      205000   1440.0000000000000        1440.0000000000000     
      206000   1440.0000000000000        1440.0000000000000     
      207000   1440.0000000000000        1440.0000000000000     
      208000   1440.0000000000000        1440.0000000000000     
      209000   1440.0000000000000        1440.0000000000000     
      210000   1440.0000000000000        1440.0000000000000     
      211000   1440.0000000000000        1440.0000000000000     
      212000   1440.0000000000000        1440.0000000000000     
      213000   1440.0000000000000        1440.0000000000000     
      214000   1440.0000000000000        1440.0000000000000     
      215000   1440.0000000000000        1440.0000000000000     
      216000   1440.0000000000000        1440.0000000000000     
      217000   1440.0000000000000        1440.0000000000000     
      218000   1440.0000000000000        1440.0000000000000     
      219000   1440.0000000000000        1440.0000000000000     
      220000   1440.0000000000000        1440.0000000000000     
      221000   1440.0000000000000        1440.0000000000000     
      222000   1440.0000000000000        1440.0000000000000     
      223000   1440.0000000000000        1440.0000000000000     
      224000   1440.0000000000000        1440.0000000000000     
      225000   1440.0000000000000        1440.0000000000000     
      226000   1440.0000000000000        1440.0000000000000     
      227000   1440.0000000000000        1440.0000000000000     
      228000   1440.0000000000000        1440.0000000000000     
      229000   1440.0000000000000        1440.0000000000000     
      230000   1440.0000000000000        1440.0000000000000     
      231000   1440.0000000000000        1440.0000000000000     
      232000   1440.0000000000000        1440.0000000000000     
      233000   1440.0000000000000        1440.0000000000000     
      234000   1440.0000000000000        1440.0000000000000     
      235000   1440.0000000000000        1440.0000000000000     
      236000   1440.0000000000000        1440.0000000000000     
      237000   1440.0000000000000        1440.0000000000000     
      238000   1440.0000000000000        1440.0000000000000     
      239000   1440.0000000000000        1440.0000000000000     
      240000   1440.0000000000000        1440.0000000000000     
      241000   1440.0000000000000        1440.0000000000000     
      242000   1440.0000000000000        1440.0000000000000     
      243000   1440.0000000000000        1440.0000000000000     
      244000   1440.0000000000000        1440.0000000000000     
      245000   1440.0000000000000        1440.0000000000000     
      246000   1440.0000000000000        1440.0000000000000     
      247000   1440.0000000000000        1440.0000000000000     
      248000   1440.0000000000000        1440.0000000000000     
      249000   1440.0000000000000        1440.0000000000000     
      250000   1440.0000000000000        1440.0000000000000     
      251000   1440.0000000000000        1440.0000000000000     
      252000   1440.0000000000000        1440.0000000000000     
      253000   1440.0000000000000        1440.0000000000000     
      254000   1440.0000000000000        1440.0000000000000     
      255000   1440.0000000000000        1440.0000000000000     
      256000   1440.0000000000000        1440.0000000000000     
      257000   1440.0000000000000        1440.0000000000000     
      258000   1440.0000000000000        1440.0000000000000     
      259000   1440.0000000000000        1440.0000000000000     
      260000   1440.0000000000000        1440.0000000000000     
      261000   1440.0000000000000        1440.0000000000000     
      262000   1440.0000000000000        1440.0000000000000     
      263000   1440.0000000000000        1440.0000000000000     
      264000   1440.0000000000000        1440.0000000000000     
      265000   1440.0000000000000        1440.0000000000000     
      266000   1440.0000000000000        1440.0000000000000     
      267000   1440.0000000000000        1440.0000000000000     
      268000   1440.0000000000000        1440.0000000000000     
      269000   1440.0000000000000        1440.0000000000000     
      270000   1440.0000000000000        1440.0000000000000     
      271000   1440.0000000000000        1440.0000000000000     
      272000   1440.0000000000000        1440.0000000000000     
      273000   1440.0000000000000        1440.0000000000000     
      274000   1440.0000000000000        1440.0000000000000     
      275000   1440.0000000000000        1440.0000000000000     
      276000   1440.0000000000000        1440.0000000000000     
      277000   1440.0000000000000        1440.0000000000000     
      278000   1440.0000000000000        1440.0000000000000     
      279000   1440.0000000000000        1440.0000000000000     
      280000   1440.0000000000000        1440.0000000000000     
      281000   1440.0000000000000        1440.0000000000000     
      282000   1440.0000000000000        1440.0000000000000     
      283000   1440.0000000000000        1440.0000000000000     
      284000   1440.0000000000000        1440.0000000000000     
      285000   1440.0000000000000        1440.0000000000000     
      286000   1440.0000000000000        1440.0000000000000     
      287000   1440.0000000000000        1440.0000000000000     
      288000   1440.0000000000000        1440.0000000000000     
      289000   1440.0000000000000        1440.0000000000000     
      290000   1440.0000000000000        1440.0000000000000     
      291000   1440.0000000000000        1440.0000000000000     
      292000   1440.0000000000000        1440.0000000000000     
      293000   1440.0000000000000        1440.0000000000000     
      294000   1440.0000000000000        1440.0000000000000     
      295000   1440.0000000000000        1440.0000000000000     
      296000   1440.0000000000000        1440.0000000000000     
      297000   1440.0000000000000        1440.0000000000000     
      298000   1440.0000000000000        1440.0000000000000     
      299000   1440.0000000000000        1440.0000000000000     
      300000   1440.0000000000000        1440.0000000000000     
      301000   1440.0000000000000        1440.0000000000000     
      302000   1440.0000000000000        1440.0000000000000     
      303000   1440.0000000000000        1440.0000000000000     
      304000   1440.0000000000000        1440.0000000000000     
      305000   1440.0000000000000        1440.0000000000000     
      306000   1440.0000000000000        1440.0000000000000     
      307000   1440.0000000000000        1440.0000000000000     
      308000   1440.0000000000000        1440.0000000000000     
      309000   1440.0000000000000        1440.0000000000000     
      310000   1440.0000000000000        1440.0000000000000     
      311000   1440.0000000000000        1440.0000000000000     
      312000   1440.0000000000000        1440.0000000000000     
      313000   1440.0000000000000        1440.0000000000000     
      314000   1440.0000000000000        1440.0000000000000     
      315000   1440.0000000000000        1440.0000000000000     
      316000   1440.0000000000000        1440.0000000000000     
      317000   1440.0000000000000        1440.0000000000000     
      318000   1440.0000000000000        1440.0000000000000     
      319000   1440.0000000000000        1440.0000000000000     
      320000   1440.0000000000000        1440.0000000000000     
      321000   1440.0000000000000        1440.0000000000000     
      322000   1440.0000000000000        1440.0000000000000     
      323000   1440.0000000000000        1440.0000000000000     
      324000   1440.0000000000000        1440.0000000000000     
      325000   1440.0000000000000        1440.0000000000000     
      326000   1440.0000000000000        1440.0000000000000     
      327000   1440.0000000000000        1440.0000000000000     
      328000   1440.0000000000000        1440.0000000000000     
      329000   1440.0000000000000        1440.0000000000000     
      330000   1440.0000000000000        1440.0000000000000     
      331000   1440.0000000000000        1440.0000000000000     
      332000   1440.0000000000000        1440.0000000000000     
      333000   1440.0000000000000        1440.0000000000000     
      334000   1440.0000000000000        1440.0000000000000     
      335000   1440.0000000000000        1440.0000000000000     
      336000   1440.0000000000000        1440.0000000000000     
      337000   1440.0000000000000        1440.0000000000000     
      338000   1440.0000000000000        1440.0000000000000     
      339000   1440.0000000000000        1440.0000000000000     
      340000   1440.0000000000000        1440.0000000000000     
      341000   1440.0000000000000        1440.0000000000000     
      342000   1440.0000000000000        1440.0000000000000     
      343000   1440.0000000000000        1440.0000000000000     
      344000   1440.0000000000000        1440.0000000000000     
      345000   1440.0000000000000        1440.0000000000000     
      346000   1440.0000000000000        1440.0000000000000     
      347000   1440.0000000000000        1440.0000000000000     
      348000   1440.0000000000000        1440.0000000000000     
      349000   1440.0000000000000        1440.0000000000000     
      350000   1440.0000000000000        1440.0000000000000     
      351000   1440.0000000000000        1440.0000000000000     
      352000   1440.0000000000000        1440.0000000000000     
      353000   1440.0000000000000        1440.0000000000000     
      354000   1440.0000000000000        1440.0000000000000     
      355000   1440.0000000000000        1440.0000000000000     
      356000   1440.0000000000000        1440.0000000000000     
      357000   1440.0000000000000        1440.0000000000000     
      358000   1440.0000000000000        1440.0000000000000     
      359000   1440.0000000000000        1440.0000000000000     
      360000   1440.0000000000000        1440.0000000000000     
      361000   1440.0000000000000        1440.0000000000000     
      362000   1440.0000000000000        1440.0000000000000     
      363000   1440.0000000000000        1440.0000000000000     
      364000   1440.0000000000000        1440.0000000000000     
      365000   1440.0000000000000        1440.0000000000000     
      366000   1440.0000000000000        1440.0000000000000     
      367000   1440.0000000000000        1440.0000000000000     
      368000   1440.0000000000000        1440.0000000000000     
      369000   1440.0000000000000        1440.0000000000000     
      370000   1440.0000000000000        1440.0000000000000     
      371000   1440.0000000000000        1440.0000000000000     
      372000   1440.0000000000000        1440.0000000000000     
      373000   1440.0000000000000        1440.0000000000000     
      374000   1440.0000000000000        1440.0000000000000     
      375000   1440.0000000000000        1440.0000000000000     
      376000   1440.0000000000000        1440.0000000000000     
      377000   1440.0000000000000        1440.0000000000000     
      378000   1440.0000000000000        1440.0000000000000     
      379000   1440.0000000000000        1440.0000000000000     
      380000   1440.0000000000000        1440.0000000000000     
      381000   1440.0000000000000        1440.0000000000000     
      382000   1440.0000000000000        1440.0000000000000     
      383000   1440.0000000000000        1440.0000000000000     
      384000   1440.0000000000000        1440.0000000000000     
      385000   1440.0000000000000        1440.0000000000000     
      386000   1440.0000000000000        1440.0000000000000     
      387000   1440.0000000000000        1440.0000000000000     
      388000   1440.0000000000000        1440.0000000000000     
      389000   1440.0000000000000        1440.0000000000000     
      390000   1440.0000000000000        1440.0000000000000     
      391000   1440.0000000000000        1440.0000000000000     
      392000   1440.0000000000000        1440.0000000000000     
      393000   1440.0000000000000        1440.0000000000000     
      394000   1440.0000000000000        1440.0000000000000     
      395000   1440.0000000000000        1440.0000000000000     
      396000   1440.0000000000000        1440.0000000000000     
      397000   1440.0000000000000        1440.0000000000000     
      398000   1440.0000000000000        1440.0000000000000     
      399000   1440.0000000000000        1440.0000000000000     
      400000   1440.0000000000000        1440.0000000000000     
      401000   1440.0000000000000        1440.0000000000000     
      402000   1440.0000000000000        1440.0000000000000     
      403000   1440.0000000000000        1440.0000000000000     
      404000   1440.0000000000000        1440.0000000000000     
      405000   1440.0000000000000        1440.0000000000000     
      406000   1440.0000000000000        1440.0000000000000     
      407000   1440.0000000000000        1440.0000000000000     
      408000   1440.0000000000000        1440.0000000000000     
      409000   1440.0000000000000        1440.0000000000000     
      410000   1440.0000000000000        1440.0000000000000     
      411000   1440.0000000000000        1440.0000000000000     
      412000   1440.0000000000000        1440.0000000000000     
      413000   1440.0000000000000        1440.0000000000000     
      414000   1440.0000000000000        1440.0000000000000     
      415000   1440.0000000000000        1440.0000000000000     
      416000   1440.0000000000000        1440.0000000000000     
      417000   1440.0000000000000        1440.0000000000000     
      418000   1440.0000000000000        1440.0000000000000     
      419000   1440.0000000000000        1440.0000000000000     
      420000   1440.0000000000000        1440.0000000000000     
      421000   1440.0000000000000        1440.0000000000000     
      422000   1440.0000000000000        1440.0000000000000     
      423000   1440.0000000000000        1440.0000000000000     
      424000   1440.0000000000000        1440.0000000000000     
      425000   1440.0000000000000        1440.0000000000000     
      426000   1440.0000000000000        1440.0000000000000     
      427000   1440.0000000000000        1440.0000000000000     
      428000   1440.0000000000000        1440.0000000000000     
      429000   1440.0000000000000        1440.0000000000000     
      430000   1440.0000000000000        1440.0000000000000     
      431000   1440.0000000000000        1440.0000000000000     
      432000   1440.0000000000000        1440.0000000000000     
      433000   1440.0000000000000        1440.0000000000000     
      434000   1440.0000000000000        1440.0000000000000     
      435000   1440.0000000000000        1440.0000000000000     
      436000   1440.0000000000000        1440.0000000000000     
      437000   1440.0000000000000        1440.0000000000000     
      438000   1440.0000000000000        1440.0000000000000     
      439000   1440.0000000000000        1440.0000000000000     
      440000   1440.0000000000000        1440.0000000000000     
      441000   1440.0000000000000        1440.0000000000000     
      442000   1440.0000000000000        1440.0000000000000     
      443000   1440.0000000000000        1440.0000000000000     
      444000   1440.0000000000000        1440.0000000000000     
      445000   1440.0000000000000        1440.0000000000000     
      446000   1440.0000000000000        1440.0000000000000     
      447000   1440.0000000000000        1440.0000000000000     
      448000   1440.0000000000000        1440.0000000000000     
      449000   1440.0000000000000        1440.0000000000000     
      450000   1440.0000000000000        1440.0000000000000     
      451000   1440.0000000000000        1440.0000000000000     
      452000   1440.0000000000000        1440.0000000000000     
      453000   1440.0000000000000        1440.0000000000000     
      454000   1440.0000000000000        1440.0000000000000     
      455000   1440.0000000000000        1440.0000000000000     
      456000   1440.0000000000000        1440.0000000000000     
      457000   1440.0000000000000        1440.0000000000000     
      458000   1440.0000000000000        1440.0000000000000     
      459000   1440.0000000000000        1440.0000000000000     
      460000   1440.0000000000000        1440.0000000000000     
      461000   1440.0000000000000        1440.0000000000000     
      462000   1440.0000000000000        1440.0000000000000     
      463000   1440.0000000000000        1440.0000000000000     
      464000   1440.0000000000000        1440.0000000000000     
      465000   1440.0000000000000        1440.0000000000000     
      466000   1440.0000000000000        1440.0000000000000     
      467000   1440.0000000000000        1440.0000000000000     
      468000   1440.0000000000000        1440.0000000000000     
      469000   1440.0000000000000        1440.0000000000000     
      470000   1440.0000000000000        1440.0000000000000     
      471000   1440.0000000000000        1440.0000000000000     
      472000   1440.0000000000000        1440.0000000000000     
      473000   1440.0000000000000        1440.0000000000000     
      474000   1440.0000000000000        1440.0000000000000     
      475000   1440.0000000000000        1440.0000000000000     
      476000   1440.0000000000000        1440.0000000000000     
      477000   1440.0000000000000        1440.0000000000000     
      478000   1440.0000000000000        1440.0000000000000     
      479000   1440.0000000000000        1440.0000000000000     
      480000   1440.0000000000000        1440.0000000000000     
      481000   1440.0000000000000        1440.0000000000000     
      482000   1440.0000000000000        1440.0000000000000     
      483000   1440.0000000000000        1440.0000000000000     
      484000   1440.0000000000000        1440.0000000000000     
      485000   1440.0000000000000        1440.0000000000000     
      486000   1440.0000000000000        1440.0000000000000     
      487000   1440.0000000000000        1440.0000000000000     
      488000   1440.0000000000000        1440.0000000000000     
      489000   1440.0000000000000        1440.0000000000000     
      490000   1440.0000000000000        1440.0000000000000     
      491000   1440.0000000000000        1440.0000000000000     
      492000   1440.0000000000000        1440.0000000000000     
      493000   1440.0000000000000        1440.0000000000000     
      494000   1440.0000000000000        1440.0000000000000     
      495000   1440.0000000000000        1440.0000000000000     
      496000   1440.0000000000000        1440.0000000000000     
      497000   1440.0000000000000        1440.0000000000000     
      498000   1440.0000000000000        1440.0000000000000     
      499000   1440.0000000000000        1440.0000000000000     
      500000   1440.0000000000000        1440.0000000000000     
      501000   1440.0000000000000        1440.0000000000000     
      502000   1440.0000000000000        1440.0000000000000     
      503000   1440.0000000000000        1440.0000000000000     
      504000   1440.0000000000000        1440.0000000000000     
      505000   1440.0000000000000        1440.0000000000000     
      506000   1440.0000000000000        1440.0000000000000     
      507000   1440.0000000000000        1440.0000000000000     
      508000   1440.0000000000000        1440.0000000000000     
      509000   1440.0000000000000        1440.0000000000000     
      510000   1440.0000000000000        1440.0000000000000     
      511000   1440.0000000000000        1440.0000000000000     
      512000   1440.0000000000000        1440.0000000000000     
      513000   1440.0000000000000        1440.0000000000000     
      514000   1440.0000000000000        1440.0000000000000     
      515000   1440.0000000000000        1440.0000000000000     
      516000   1440.0000000000000        1440.0000000000000     
      517000   1440.0000000000000        1440.0000000000000     
      518000   1440.0000000000000        1440.0000000000000     
      519000   1440.0000000000000        1440.0000000000000     
      520000   1440.0000000000000        1440.0000000000000     
      521000   1440.0000000000000        1440.0000000000000     
      522000   1440.0000000000000        1440.0000000000000     
      523000   1440.0000000000000        1440.0000000000000     
      524000   1440.0000000000000        1440.0000000000000     
      525000   1440.0000000000000        1440.0000000000000     
      526000   1440.0000000000000        1440.0000000000000     
      527000   1440.0000000000000        1440.0000000000000     
      528000   1440.0000000000000        1440.0000000000000     
      529000   1440.0000000000000        1440.0000000000000     
      530000   1440.0000000000000        1440.0000000000000     
      531000   1440.0000000000000        1440.0000000000000     
      532000   1440.0000000000000        1440.0000000000000     
      533000   1440.0000000000000        1440.0000000000000     
      534000   1440.0000000000000        1440.0000000000000     
      535000   1440.0000000000000        1440.0000000000000     
      536000   1440.0000000000000        1440.0000000000000     
      537000   1440.0000000000000        1440.0000000000000     
      538000   1440.0000000000000        1440.0000000000000     
      539000   1440.0000000000000        1440.0000000000000     
      540000   1440.0000000000000        1440.0000000000000     
      541000   1440.0000000000000        1440.0000000000000     
      542000   1440.0000000000000        1440.0000000000000     
      543000   1440.0000000000000        1440.0000000000000     
      544000   1440.0000000000000        1440.0000000000000     
      545000   1440.0000000000000        1440.0000000000000     
      546000   1440.0000000000000        1440.0000000000000     
      547000   1440.0000000000000        1440.0000000000000     
      548000   1440.0000000000000        1440.0000000000000     
      549000   1440.0000000000000        1440.0000000000000     
      550000   1440.0000000000000        1440.0000000000000     
      551000   1440.0000000000000        1440.0000000000000     
      552000   1440.0000000000000        1440.0000000000000     
      553000   1440.0000000000000        1440.0000000000000     
      554000   1440.0000000000000        1440.0000000000000     
      555000   1440.0000000000000        1440.0000000000000     
      556000   1440.0000000000000        1440.0000000000000     
      557000   1440.0000000000000        1440.0000000000000     
      558000   1440.0000000000000        1440.0000000000000     
      559000   1440.0000000000000        1440.0000000000000     
      560000   1440.0000000000000        1440.0000000000000     
      561000   1440.0000000000000        1440.0000000000000     
      562000   1440.0000000000000        1440.0000000000000     
      563000   1440.0000000000000        1440.0000000000000     
      564000   1440.0000000000000        1440.0000000000000     
      565000   1440.0000000000000        1440.0000000000000     
      566000   1440.0000000000000        1440.0000000000000     
      567000   1440.0000000000000        1440.0000000000000     
      568000   1440.0000000000000        1440.0000000000000     
      569000   1440.0000000000000        1440.0000000000000     
      570000   1440.0000000000000        1440.0000000000000     
      571000   1440.0000000000000        1440.0000000000000     
      572000   1440.0000000000000        1440.0000000000000     
      573000   1440.0000000000000        1440.0000000000000     
      574000   1440.0000000000000        1440.0000000000000     
      575000   1440.0000000000000        1440.0000000000000     
      576000   1440.0000000000000        1440.0000000000000     
      577000   1440.0000000000000        1440.0000000000000     
      578000   1440.0000000000000        1440.0000000000000     
      579000   1440.0000000000000        1440.0000000000000     
      580000   1440.0000000000000        1440.0000000000000     
      581000   1440.0000000000000        1440.0000000000000     
      582000   1440.0000000000000        1440.0000000000000     
      583000   1440.0000000000000        1440.0000000000000     
      584000   1440.0000000000000        1440.0000000000000     
      585000   1440.0000000000000        1440.0000000000000     
      586000   1440.0000000000000        1440.0000000000000     
      587000   1440.0000000000000        1440.0000000000000     
      588000   1440.0000000000000        1440.0000000000000     
      589000   1440.0000000000000        1440.0000000000000     
      590000   1440.0000000000000        1440.0000000000000     
      591000   1440.0000000000000        1440.0000000000000     
      592000   1440.0000000000000        1440.0000000000000     
      593000   1440.0000000000000        1440.0000000000000     
      594000   1440.0000000000000        1440.0000000000000     
      595000   1440.0000000000000        1440.0000000000000     
      596000   1440.0000000000000        1440.0000000000000     
      597000   1440.0000000000000        1440.0000000000000     
      598000   1440.0000000000000        1440.0000000000000     
      599000   1440.0000000000000        1440.0000000000000     
      600000   1440.0000000000000        1440.0000000000000     
      601000   1440.0000000000000        1440.0000000000000     
      602000   1440.0000000000000        1440.0000000000000     
      603000   1440.0000000000000        1440.0000000000000     
      604000   1440.0000000000000        1440.0000000000000     
      605000   1440.0000000000000        1440.0000000000000     
      606000   1440.0000000000000        1440.0000000000000     
      607000   1440.0000000000000        1440.0000000000000     
      608000   1440.0000000000000        1440.0000000000000     
      609000   1440.0000000000000        1440.0000000000000     
      610000   1440.0000000000000        1440.0000000000000     
      611000   1440.0000000000000        1440.0000000000000     
      612000   1440.0000000000000        1440.0000000000000     
      613000   1440.0000000000000        1440.0000000000000     
      614000   1440.0000000000000        1440.0000000000000     
      615000   1440.0000000000000        1440.0000000000000     
      616000   1440.0000000000000        1440.0000000000000     
      617000   1440.0000000000000        1440.0000000000000     
      618000   1440.0000000000000        1440.0000000000000     
      619000   1440.0000000000000        1440.0000000000000     
      620000   1440.0000000000000        1440.0000000000000     
      621000   1440.0000000000000        1440.0000000000000     
      622000   1440.0000000000000        1440.0000000000000     
      623000   1440.0000000000000        1440.0000000000000     
      624000   1440.0000000000000        1440.0000000000000     
      625000   1440.0000000000000        1440.0000000000000     
      626000   1440.0000000000000        1440.0000000000000     
      627000   1440.0000000000000        1440.0000000000000     
      628000   1440.0000000000000        1440.0000000000000     
      629000   1440.0000000000000        1440.0000000000000     
      630000   1440.0000000000000        1440.0000000000000     
      631000   1440.0000000000000        1440.0000000000000     
      632000   1440.0000000000000        1440.0000000000000     
      633000   1440.0000000000000        1440.0000000000000     
      634000   1440.0000000000000        1440.0000000000000     
      635000   1440.0000000000000        1440.0000000000000     
      636000   1440.0000000000000        1440.0000000000000     
      637000   1440.0000000000000        1440.0000000000000     
      638000   1440.0000000000000        1440.0000000000000     
      639000   1440.0000000000000        1440.0000000000000     
      640000   1440.0000000000000        1440.0000000000000     
      641000   1440.0000000000000        1440.0000000000000     
      642000   1440.0000000000000        1440.0000000000000     
      643000   1440.0000000000000        1440.0000000000000     
      644000   1440.0000000000000        1440.0000000000000     
      645000   1440.0000000000000        1440.0000000000000     
      646000   1440.0000000000000        1440.0000000000000     
      647000   1440.0000000000000        1440.0000000000000     
      648000   1440.0000000000000        1440.0000000000000     
      649000   1440.0000000000000        1440.0000000000000     
      650000   1440.0000000000000        1440.0000000000000     
      651000   1440.0000000000000        1440.0000000000000     
      652000   1440.0000000000000        1440.0000000000000     
      653000   1440.0000000000000        1440.0000000000000     
      654000   1440.0000000000000        1440.0000000000000     
      655000   1440.0000000000000        1440.0000000000000     
      656000   1440.0000000000000        1440.0000000000000     
      657000   1440.0000000000000        1440.0000000000000     
      658000   1440.0000000000000        1440.0000000000000     
      659000   1440.0000000000000        1440.0000000000000     
      660000   1440.0000000000000        1440.0000000000000     
      661000   1440.0000000000000        1440.0000000000000     
      662000   1440.0000000000000        1440.0000000000000     
      663000   1440.0000000000000        1440.0000000000000     
      664000   1440.0000000000000        1440.0000000000000     
      665000   1440.0000000000000        1440.0000000000000     
      666000   1440.0000000000000        1440.0000000000000     
      667000   1440.0000000000000        1440.0000000000000     
      668000   1440.0000000000000        1440.0000000000000     
      669000   1440.0000000000000        1440.0000000000000     
      670000   1440.0000000000000        1440.0000000000000     
      671000   1440.0000000000000        1440.0000000000000     
      672000   1440.0000000000000        1440.0000000000000     
      673000   1440.0000000000000        1440.0000000000000     
      674000   1440.0000000000000        1440.0000000000000     
      675000   1440.0000000000000        1440.0000000000000     
      676000   1440.0000000000000        1440.0000000000000     
      677000   1440.0000000000000        1440.0000000000000     
      678000   1440.0000000000000        1440.0000000000000     
      679000   1440.0000000000000        1440.0000000000000     
      680000   1440.0000000000000        1440.0000000000000     
      681000   1440.0000000000000        1440.0000000000000     
      682000   1440.0000000000000        1440.0000000000000     
      683000   1440.0000000000000        1440.0000000000000     
      684000   1440.0000000000000        1440.0000000000000     
      685000   1440.0000000000000        1440.0000000000000     
      686000   1440.0000000000000        1440.0000000000000     
      687000   1440.0000000000000        1440.0000000000000     
      688000   1440.0000000000000        1440.0000000000000     
      689000   1440.0000000000000        1440.0000000000000     
      690000   1440.0000000000000        1440.0000000000000     
      691000   1440.0000000000000        1440.0000000000000     
      692000   1440.0000000000000        1440.0000000000000     
      693000   1440.0000000000000        1440.0000000000000     
      694000   1440.0000000000000        1440.0000000000000     
      695000   1440.0000000000000        1440.0000000000000     
      696000   1440.0000000000000        1440.0000000000000     
      697000   1440.0000000000000        1440.0000000000000     
      698000   1440.0000000000000        1440.0000000000000     
      699000   1440.0000000000000        1440.0000000000000     
      700000   1440.0000000000000        1440.0000000000000     
      701000   1440.0000000000000        1440.0000000000000     
      702000   1440.0000000000000        1440.0000000000000     
      703000   1440.0000000000000        1440.0000000000000     
      704000   1440.0000000000000        1440.0000000000000     
      705000   1440.0000000000000        1440.0000000000000     
      706000   1440.0000000000000        1440.0000000000000     
      707000   1440.0000000000000        1440.0000000000000     
      708000   1440.0000000000000        1440.0000000000000     
      709000   1440.0000000000000        1440.0000000000000     
      710000   1440.0000000000000        1440.0000000000000     
      711000   1440.0000000000000        1440.0000000000000     
      712000   1440.0000000000000        1440.0000000000000     
      713000   1440.0000000000000        1440.0000000000000     
      714000   1440.0000000000000        1440.0000000000000     
      715000   1440.0000000000000        1440.0000000000000     
      716000   1440.0000000000000        1440.0000000000000     
      717000   1440.0000000000000        1440.0000000000000     
      718000   1440.0000000000000        1440.0000000000000     
      719000   1440.0000000000000        1440.0000000000000     
      720000   1440.0000000000000        1440.0000000000000     
      721000   1440.0000000000000        1440.0000000000000     
      722000   1440.0000000000000        1440.0000000000000     
      723000   1440.0000000000000        1440.0000000000000     
      724000   1440.0000000000000        1440.0000000000000     
      725000   1440.0000000000000        1440.0000000000000     
      726000   1440.0000000000000        1440.0000000000000     
      727000   1440.0000000000000        1440.0000000000000     
      728000   1440.0000000000000        1440.0000000000000     
      729000   1440.0000000000000        1440.0000000000000     
      730000   1440.0000000000000        1440.0000000000000     
      731000   1440.0000000000000        1440.0000000000000     
      732000   1440.0000000000000        1440.0000000000000     
      733000   1440.0000000000000        1440.0000000000000     
      734000   1440.0000000000000        1440.0000000000000     
      735000   1440.0000000000000        1440.0000000000000     
      736000   1440.0000000000000        1440.0000000000000     
      737000   1440.0000000000000        1440.0000000000000     
      738000   1440.0000000000000        1440.0000000000000     
      739000   1440.0000000000000        1440.0000000000000     
      740000   1440.0000000000000        1440.0000000000000     
      741000   1440.0000000000000        1440.0000000000000     
      742000   1440.0000000000000        1440.0000000000000     
      743000   1440.0000000000000        1440.0000000000000     
      744000   1440.0000000000000        1440.0000000000000     
      745000   1440.0000000000000        1440.0000000000000     
      746000   1440.0000000000000        1440.0000000000000     
      747000   1440.0000000000000        1440.0000000000000     
      748000   1440.0000000000000        1440.0000000000000     
      749000   1440.0000000000000        1440.0000000000000     
      750000   1440.0000000000000        1440.0000000000000     
      751000   1440.0000000000000        1440.0000000000000     
      752000   1440.0000000000000        1440.0000000000000     
      753000   1440.0000000000000        1440.0000000000000     
      754000   1440.0000000000000        1440.0000000000000     
      755000   1440.0000000000000        1440.0000000000000     
      756000   1440.0000000000000        1440.0000000000000     
      757000   1440.0000000000000        1440.0000000000000     
      758000   1440.0000000000000        1440.0000000000000     
      759000   1440.0000000000000        1440.0000000000000     
      760000   1440.0000000000000        1440.0000000000000     
      761000   1440.0000000000000        1440.0000000000000     
      762000   1440.0000000000000        1440.0000000000000     
      763000   1440.0000000000000        1440.0000000000000     
      764000   1440.0000000000000        1440.0000000000000     
      765000   1440.0000000000000        1440.0000000000000     
      766000   1440.0000000000000        1440.0000000000000     
      767000   1440.0000000000000        1440.0000000000000     
      768000   1440.0000000000000        1440.0000000000000     
      769000   1440.0000000000000        1440.0000000000000     
      770000   1440.0000000000000        1440.0000000000000     
      771000   1440.0000000000000        1440.0000000000000     
      772000   1440.0000000000000        1440.0000000000000     
      773000   1440.0000000000000        1440.0000000000000     
      774000   1440.0000000000000        1440.0000000000000     
      775000   1440.0000000000000        1440.0000000000000     
      776000   1440.0000000000000        1440.0000000000000     
      777000   1440.0000000000000        1440.0000000000000     
      778000   1440.0000000000000        1440.0000000000000     
      779000   1440.0000000000000        1440.0000000000000     
      780000   1440.0000000000000        1440.0000000000000     
      781000   1440.0000000000000        1440.0000000000000     
      782000   1440.0000000000000        1440.0000000000000     
      783000   1440.0000000000000        1440.0000000000000     
      784000   1440.0000000000000        1440.0000000000000     
      785000   1440.0000000000000        1440.0000000000000     
      786000   1440.0000000000000        1440.0000000000000     
      787000   1440.0000000000000        1440.0000000000000     
      788000   1440.0000000000000        1440.0000000000000     
      789000   1440.0000000000000        1440.0000000000000     
      790000   1440.0000000000000        1440.0000000000000     
      791000   1440.0000000000000        1440.0000000000000     
      792000   1440.0000000000000        1440.0000000000000     
      793000   1440.0000000000000        1440.0000000000000     
      794000   1440.0000000000000        1440.0000000000000     
      795000   1440.0000000000000        1440.0000000000000     
      796000   1440.0000000000000        1440.0000000000000     
      797000   1440.0000000000000        1440.0000000000000     
      798000   1440.0000000000000        1440.0000000000000     
      799000   1440.0000000000000        1440.0000000000000     
      800000   1440.0000000000000        1440.0000000000000     
      801000   1440.0000000000000        1440.0000000000000     
      802000   1440.0000000000000        1440.0000000000000     
      803000   1440.0000000000000        1440.0000000000000     
      804000   1440.0000000000000        1440.0000000000000     
      805000   1440.0000000000000        1440.0000000000000     
      806000   1440.0000000000000        1440.0000000000000     
      807000   1440.0000000000000        1440.0000000000000     
      808000   1440.0000000000000        1440.0000000000000     
      809000   1440.0000000000000        1440.0000000000000     
      810000   1440.0000000000000        1440.0000000000000     
      811000   1440.0000000000000        1440.0000000000000     
      812000   1440.0000000000000        1440.0000000000000     
      813000   1440.0000000000000        1440.0000000000000     
      814000   1440.0000000000000        1440.0000000000000     
      815000   1440.0000000000000        1440.0000000000000     
      816000   1440.0000000000000        1440.0000000000000     
      817000   1440.0000000000000        1440.0000000000000     
      818000   1440.0000000000000        1440.0000000000000     
      819000   1440.0000000000000        1440.0000000000000     
      820000   1440.0000000000000        1440.0000000000000     
      821000   1440.0000000000000        1440.0000000000000     
      822000   1440.0000000000000        1440.0000000000000     
      823000   1440.0000000000000        1440.0000000000000     
      824000   1440.0000000000000        1440.0000000000000     
      825000   1440.0000000000000        1440.0000000000000     
      826000   1440.0000000000000        1440.0000000000000     
      827000   1440.0000000000000        1440.0000000000000     
      828000   1440.0000000000000        1440.0000000000000     
      829000   1440.0000000000000        1440.0000000000000     
      830000   1440.0000000000000        1440.0000000000000     
      831000   1440.0000000000000        1440.0000000000000     
      832000   1440.0000000000000        1440.0000000000000     
      833000   1440.0000000000000        1440.0000000000000     
      834000   1440.0000000000000        1440.0000000000000     
      835000   1440.0000000000000        1440.0000000000000     
      836000   1440.0000000000000        1440.0000000000000     
      837000   1440.0000000000000        1440.0000000000000     
      838000   1440.0000000000000        1440.0000000000000     
      839000   1440.0000000000000        1440.0000000000000     
      840000   1440.0000000000000        1440.0000000000000     
      841000   1440.0000000000000        1440.0000000000000     
      842000   1440.0000000000000        1440.0000000000000     
      843000   1440.0000000000000        1440.0000000000000     
      844000   1440.0000000000000        1440.0000000000000     
      845000   1440.0000000000000        1440.0000000000000     
      846000   1440.0000000000000        1440.0000000000000     
      847000   1440.0000000000000        1440.0000000000000     
      848000   1440.0000000000000        1440.0000000000000     
      849000   1440.0000000000000        1440.0000000000000     
      850000   1440.0000000000000        1440.0000000000000     
      851000   1440.0000000000000        1440.0000000000000     
      852000   1440.0000000000000        1440.0000000000000     
      853000   1440.0000000000000        1440.0000000000000     
      854000   1440.0000000000000        1440.0000000000000     
      855000   1440.0000000000000        1440.0000000000000     
      856000   1440.0000000000000        1440.0000000000000     
      857000   1440.0000000000000        1440.0000000000000     
      858000   1440.0000000000000        1440.0000000000000     
      859000   1440.0000000000000        1440.0000000000000     
      860000   1440.0000000000000        1440.0000000000000     
      861000   1440.0000000000000        1440.0000000000000     
      862000   1440.0000000000000        1440.0000000000000     
      863000   1440.0000000000000        1440.0000000000000     
      864000   1440.0000000000000        1440.0000000000000     
      865000   1440.0000000000000        1440.0000000000000     
      866000   1440.0000000000000        1440.0000000000000     
      867000   1440.0000000000000        1440.0000000000000     
      868000   1440.0000000000000        1440.0000000000000     
      869000   1440.0000000000000        1440.0000000000000     
      870000   1440.0000000000000        1440.0000000000000     
      871000   1440.0000000000000        1440.0000000000000     
      872000   1440.0000000000000        1440.0000000000000     
      873000   1440.0000000000000        1440.0000000000000     
      874000   1440.0000000000000        1440.0000000000000     
      875000   1440.0000000000000        1440.0000000000000     
      876000   1440.0000000000000        1440.0000000000000     
      877000   1440.0000000000000        1440.0000000000000     
      878000   1440.0000000000000        1440.0000000000000     
      879000   1440.0000000000000        1440.0000000000000     
      880000   1440.0000000000000        1440.0000000000000     
      881000   1440.0000000000000        1440.0000000000000     
      882000   1440.0000000000000        1440.0000000000000     
      883000   1440.0000000000000        1440.0000000000000     
      884000   1440.0000000000000        1440.0000000000000     
      885000   1440.0000000000000        1440.0000000000000     
      886000   1440.0000000000000        1440.0000000000000     
      887000   1440.0000000000000        1440.0000000000000     
      888000   1440.0000000000000        1440.0000000000000     
      889000   1440.0000000000000        1440.0000000000000     
      890000   1440.0000000000000        1440.0000000000000     
      891000   1440.0000000000000        1440.0000000000000     
      892000   1440.0000000000000        1440.0000000000000     
      893000   1440.0000000000000        1440.0000000000000     
      894000   1440.0000000000000        1440.0000000000000     
      895000   1440.0000000000000        1440.0000000000000     
      896000   1440.0000000000000        1440.0000000000000     
      897000   1440.0000000000000        1440.0000000000000     
      898000   1440.0000000000000        1440.0000000000000     
      899000   1440.0000000000000        1440.0000000000000     
      900000   1440.0000000000000        1440.0000000000000     
      901000   1440.0000000000000        1440.0000000000000     
      902000   1440.0000000000000        1440.0000000000000     
      903000   1440.0000000000000        1440.0000000000000     
      904000   1440.0000000000000        1440.0000000000000     
      905000   1440.0000000000000        1440.0000000000000     
      906000   1440.0000000000000        1440.0000000000000     
      907000   1440.0000000000000        1440.0000000000000     
      908000   1440.0000000000000        1440.0000000000000     
      909000   1440.0000000000000        1440.0000000000000     
      910000   1440.0000000000000        1440.0000000000000     
      911000   1440.0000000000000        1440.0000000000000     
      912000   1440.0000000000000        1440.0000000000000     
      913000   1440.0000000000000        1440.0000000000000     
      914000   1440.0000000000000        1440.0000000000000     
      915000   1440.0000000000000        1440.0000000000000     
      916000   1440.0000000000000        1440.0000000000000     
      917000   1440.0000000000000        1440.0000000000000     
      918000   1440.0000000000000        1440.0000000000000     
      919000   1440.0000000000000        1440.0000000000000     
      920000   1440.0000000000000        1440.0000000000000     
      921000   1440.0000000000000        1440.0000000000000     
      922000   1440.0000000000000        1440.0000000000000     
      923000   1440.0000000000000        1440.0000000000000     
      924000   1440.0000000000000        1440.0000000000000     
      925000   1440.0000000000000        1440.0000000000000     
      926000   1440.0000000000000        1440.0000000000000     
      927000   1440.0000000000000        1440.0000000000000     
      928000   1440.0000000000000        1440.0000000000000     
      929000   1440.0000000000000        1440.0000000000000     
      930000   1440.0000000000000        1440.0000000000000     
      931000   1440.0000000000000        1440.0000000000000     
      932000   1440.0000000000000        1440.0000000000000     
      933000   1440.0000000000000        1440.0000000000000     
      934000   1440.0000000000000        1440.0000000000000     
      935000   1440.0000000000000        1440.0000000000000     
      936000   1440.0000000000000        1440.0000000000000     
      937000   1440.0000000000000        1440.0000000000000     
      938000   1440.0000000000000        1440.0000000000000     
      939000   1440.0000000000000        1440.0000000000000     
      940000   1440.0000000000000        1440.0000000000000     
      941000   1440.0000000000000        1440.0000000000000     
      942000   1440.0000000000000        1440.0000000000000     
      943000   1440.0000000000000        1440.0000000000000     
      944000   1440.0000000000000        1440.0000000000000     
      945000   1440.0000000000000        1440.0000000000000     
      946000   1440.0000000000000        1440.0000000000000     
      947000   1440.0000000000000        1440.0000000000000     
      948000   1440.0000000000000        1440.0000000000000     
      949000   1440.0000000000000        1440.0000000000000     
      950000   1440.0000000000000        1440.0000000000000     
      951000   1440.0000000000000        1440.0000000000000     
      952000   1440.0000000000000        1440.0000000000000     
      953000   1440.0000000000000        1440.0000000000000     
      954000   1440.0000000000000        1440.0000000000000     
      955000   1440.0000000000000        1440.0000000000000     
      956000   1440.0000000000000        1440.0000000000000     
      957000   1440.0000000000000        1440.0000000000000     
      958000   1440.0000000000000        1440.0000000000000     
      959000   1440.0000000000000        1440.0000000000000     
      960000   1440.0000000000000        1440.0000000000000     
      961000   1440.0000000000000        1440.0000000000000     
      962000   1440.0000000000000        1440.0000000000000     
      963000   1440.0000000000000        1440.0000000000000     
      964000   1440.0000000000000        1440.0000000000000     
      965000   1440.0000000000000        1440.0000000000000     
      966000   1440.0000000000000        1440.0000000000000     
      967000   1440.0000000000000        1440.0000000000000     
      968000   1440.0000000000000        1440.0000000000000     
      969000   1440.0000000000000        1440.0000000000000     
      970000   1440.0000000000000        1440.0000000000000     
      971000   1440.0000000000000        1440.0000000000000     
      972000   1440.0000000000000        1440.0000000000000     
      973000   1440.0000000000000        1440.0000000000000     
      974000   1440.0000000000000        1440.0000000000000     
      975000   1440.0000000000000        1440.0000000000000     
      976000   1440.0000000000000        1440.0000000000000     
      977000   1440.0000000000000        1440.0000000000000     
      978000   1440.0000000000000        1440.0000000000000     
      979000   1440.0000000000000        1440.0000000000000     
      980000   1440.0000000000000        1440.0000000000000     
      981000   1440.0000000000000        1440.0000000000000     
      982000   1440.0000000000000        1440.0000000000000     
      983000   1440.0000000000000        1440.0000000000000     
      984000   1440.0000000000000        1440.0000000000000     
      985000   1440.0000000000000        1440.0000000000000     
      986000   1440.0000000000000        1440.0000000000000     
      987000   1440.0000000000000        1440.0000000000000     
      988000   1440.0000000000000        1440.0000000000000     
      989000   1440.0000000000000        1440.0000000000000     
      990000   1440.0000000000000        1440.0000000000000     
      991000   1440.0000000000000        1440.0000000000000     
      992000   1440.0000000000000        1440.0000000000000     
      993000   1440.0000000000000        1440.0000000000000     
      994000   1440.0000000000000        1440.0000000000000     
      995000   1440.0000000000000        1440.0000000000000     
      996000   1440.0000000000000        1440.0000000000000     
      997000   1440.0000000000000        1440.0000000000000     
      998000   1440.0000000000000        1440.0000000000000     
      999000   1440.0000000000000        1440.0000000000000     
     1000000   1440.0000000000000        1440.0000000000000     
     1000001   1440.0000000000000        1440.0000000000000     
