0.01 -2.0 -1.0 0.0 0.0 0.0 0.0 0.0
0.02 -2.0 -1.0 0.0 0.0 0.0 0.0 0.0
0.03 -2.0 -1.0 0.0 0.0 0.0 0.0 0.0
0.04 -2.0 -1.0 0.0 0.0 0.0 0.0 0.0
0.05 -2.0 -1.0 0.0 0.0 0.0 0.0 0.0
0.06 -2.0 -1.0 0.0 0.0 0.0 0.0 0.0
0.07 -2.0 -1.0 0.0 0.0 0.0 0.0 0.0
0.08 -2.0 -1.0 0.0 0.0 0.0 0.0 0.0
0.09 -2.0 -1.0 0.0 0.0 0.0 0.0 0.0
0.1 -2.0 -1.0 0.0 0.0 0.0 0.0 0.0
0.11 -2.0 -1.0 0.0 0.0 0.0 0.0 0.0
0.12 -2.0 -1.0 0.0 0.0 0.0 0.0 0.0
0.13 -2.0 -1.0 0.0 0.0 0.0 0.0 0.0
0.14 -2.0 -1.0 0.0 0.0 0.0 0.0 0.0
0.15 -2.0 -1.0 0.0 0.0 0.0 0.0 0.0
0.16 -2.0 -1.0 0.0 0.0 0.0 0.0 0.0
0.17 -2.0 -1.0 0.0 0.0 0.0 0.0 0.0
0.18 -2.0 -1.0 0.0 0.0 0.0 0.0 0.0
0.19 -2.0 -1.0 0.0 0.0 0.0 0.0 0.0
0.2 -2.0 -1.0 0.0 0.0 0.0 0.0 0.0
0.21 -2.0 -1.0 0.0 0.0 0.0 0.0 0.0
0.22 -2.0 -1.0 0.0 0.0 0.0 0.0 0.0
0.23 -2.0 -1.0 0.0 0.0 0.0 0.0 0.0
0.24 -2.0 -1.0 0.0 0.0 0.0 0.0 0.0
0.25 -2.0 -1.0 0.0 0.0 0.0 0.0 0.0
0.26 -2.0 -1.0 0.0 0.0 0.0 0.0 0.0
0.27 -2.0 -1.0 0.0 0.0 0.0 0.0 0.0
0.28 -2.0 -1.0 0.0 0.0 0.0 0.0 0.0
0.29 -2.0 -1.0 0.0 0.0 0.0 0.0 0.0
0.3 -2.0 -1.0 0.0 0.0 0.0 0.0 0.0
0.31 -2.0 -1.0 0.0 0.0 0.0 0.0 0.0
0.32 -2.0 -1.0 0.0 0.0 0.0 0.0 0.0
0.33 -2.0 -1.0 0.0 0.0 0.0 0.0 0.0
0.34 -2.0 -1.0 0.0 0.0 0.0 0.0 0.0
0.35 -2.0 -1.0 0.0 0.0 0.0 0.0 0.0
0.36 -2.0 -1.0 0.0 0.0 0.0 0.0 0.0
0.37 -2.0 -1.0 0.0 0.0 0.0 0.0 0.0
0.38 -2.0 -1.0 0.0 0.0 0.0 0.0 0.0
0.39 -2.0 -1.0 0.0 0.0 0.0 0.0 0.0
0.4 -2.0 -1.0 0.0 0.0 0.0 0.0 0.0
0.41 -2.0 -1.0 0.0 0.0 0.0 0.0 0.0
0.42 -2.0 -1.0 0.0 0.0 0.0 0.0 0.0
0.43 -2.0 -1.0 0.0 0.0 0.0 0.0 0.0
0.44 -2.0 -1.0 0.0 0.0 0.0 0.0 0.0
0.45 -2.0 -1.0 0.0 0.0 0.0 0.0 0.0
0.46 -2.0 -1.0 0.0 0.0 0.0 0.0 0.0
0.47 -2.0 -1.0 0.0 0.0 0.0 0.0 0.0
0.48 -2.0 -1.0 0.0 0.0 0.0 0.0 0.0
0.49 -2.0 -1.0 0.0 0.0 0.0 0.0 0.0
0.5 -2.0 -1.0 0.0 0.0 0.0 0.0 0.0
0.51 -2.0 -1.0 0.0 0.0 0.0 0.0 0.0
0.52 -1.9999999920000002 -0.9999999960000001 3.199935999999297e-12 7.999839999998243e-13 2.9585207100585213e-14 6.153723076921725e-10 2e-07
0.53 -2.0 -1.0 0.0 0.0 0.0 0.0 0.0
0.54 -1.999998628 -0.999999314 1.7802917616000023e-08 4.450729404000006e-09 1.5263132386831293e-10 3.29683659555556e-06 8e-07
0.55 -1.9999958329999998 -0.9999979164999999 7.068668611100007e-08 1.7671671527750017e-08 5.841874885206617e-10 1.2852124747454557e-05 1.4e-06
0.56 -1.9999963759999997 -0.9999981879999998 5.894766662400003e-08 1.4736916656000008e-08 4.699271892857145e-10 1.0526369040000004e-05 1e-06
0.57 -1.9999977059999998 -0.9999988529999999 3.1501737564000215e-08 7.875434391000054e-09 2.423956414589121e-10 5.526620625263196e-06 1.2000000000000002e-06
0.58 -1.9999794679999996 -0.9999897339999998 3.5303683697600097e-07 8.825920924400024e-08 2.6236388003567252e-09 6.0868420168276034e-05 4.4e-06
0.59 -1.999985634 -0.999992817 2.597555180440004e-07 6.49388795110001e-08 1.8655236860384977e-09 4.4026358990508546e-05 4e-06
0.6 -1.9999971539999999 -0.9999985769999999 4.468570028399997e-08 1.1171425070999992e-08 3.103173630833331e-10 7.447616713999995e-06 1.4000000000000001e-06
0.61 -1.9999817959999995 -0.9999908979999997 3.130878143840002e-07 7.827195359600005e-08 2.1035193119054033e-09 5.132587121049183e-05 3.8e-06
0.62 -1.999980714 -0.999990357 3.3321225020400054e-07 8.330306255100013e-08 2.167093198517173e-09 5.374391132322589e-05 4.6e-06
0.63 -1.9999711 -0.99998555 4.875099900000003e-07 1.2187749750000008e-07 3.0707356386999265e-09 7.738253809523815e-05 6.8e-06
0.64 -1.999974023 -0.9999870115 4.4010204547099996e-07 1.1002551136774999e-07 2.6861697111267083e-09 6.876594460484374e-05 7.000000000000002e-06
0.65 -1.9999766920000002 -0.9999883460000001 3.8829513713600055e-07 9.707378428400014e-08 2.2976043617514826e-09 5.973771340553855e-05 6.8e-06
0.66 -1.9999497580000003 -0.9999748790000001 8.863699414360003e-07 2.2159248535900007e-07 5.087063483907255e-09 0.00013429847597515155 1.02e-05
0.67 -1.9999482100000001 -0.9999741050000001 8.954375959000004e-07 2.238593989750001e-07 4.98684337213188e-09 0.00013364740237313438 1.2200000000000002e-05
0.68 -1.999945214 -0.999972607 9.195814942040019e-07 2.2989537355100048e-07 4.971785760185996e-09 0.0001352325726770591 1.54e-05
0.69 -1.999929956 -0.999964978 1.201376638064002e-06 3.003441595160005e-07 6.308425950766658e-09 0.00017411255624115974 1.8200000000000002e-05
0.7 -1.999905048 -0.999952524 1.6339123176960021e-06 4.0847807942400054e-07 8.336287335183684e-09 0.00023341604538514317 2.2600000000000004e-05
0.71 -1.9999223320000004 -0.9999611660000002 1.267906081776002e-06 3.169765204440005e-07 6.287969062566961e-09 0.00017857832137690166 2.28e-05
0.72 -1.9998810550000001 -0.9999405275000001 2.0178545369750027e-06 5.044636342437507e-07 9.73116578402297e-09 0.00028025757457986146 2.8599999999999997e-05
0.73 -1.999835273 -0.9999176365 2.925939865471004e-06 7.31484966367751e-07 1.3726495897311897e-08 0.00040081368020150745 3.680000000000001e-05
0.74 -1.999854507 -0.9999272535 2.4447423369510028e-06 6.111855842377507e-07 1.116116844846148e-08 0.0003303705860744598 4.12e-05
0.75 -1.9998049509999998 -0.9999024754999999 3.3625885375990044e-06 8.406471343997511e-07 1.4944837944884463e-08 0.0004483451383465339 4.84e-05
0.76 -1.9997971439999997 -0.9998985719999999 3.408392743264005e-06 8.520981858160012e-07 1.4752392413711933e-08 0.0004484727293768427 5.58e-05
0.77 -1.9997633250000004 -0.9998816625000002 4.0980521943750075e-06 1.0245130485937519e-06 1.7279693853832886e-08 0.0005322145706980529 6.0599999999999996e-05
0.78 -1.999689798 -0.999844899 5.4203187191960045e-06 1.3550796797990011e-06 2.227284154830705e-08 0.00069491265630718 7.759999999999999e-05
0.79 -1.9997083390000001 -0.9998541695000001 4.969993211079004e-06 1.242498302769751e-06 1.9908641287770406e-08 0.0006291130646935447 7.76e-05
0.8 -1.9996292520000003 -0.9998146260000002 6.3883687204960095e-06 1.5970921801240024e-06 2.4954565314437537e-08 0.0007985460900620012 8.940000000000002e-05
0.81 -1.9995844870000001 -0.9997922435000001 7.113545096831008e-06 1.778386274207752e-06 2.7105414939913905e-08 0.0008782154440532109 0.0001046
0.82 -1.9994945509999997 -1.0047472754999998 8.645355858399014e-06 2.1613389645996996e-06 3.2143649086849395e-08 0.001054311690048634 0.0001253
0.83 -1.999506663 -0.9997533315 8.50659975443101e-06 2.1266499386077527e-06 3.0870227008386606e-08 0.0010248915366784352 0.0001332
0.84 -1.999387313 -1.0046936565 1.0758008690031011e-05 2.6895021725076888e-06 3.811652738814842e-08 0.0012807153202417565 0.00015170000000000003
0.85 -1.9993507219999997 -0.9996753609999999 1.0972533378716007e-05 2.743133344679002e-06 3.7967243524968885e-08 0.0012908862798489422 0.0001732
0.86 -1.9992471729999997 -0.9996235864999998 1.3039684758071009e-05 3.2599211895177523e-06 4.407681435259265e-08 0.001516242413729187 0.000194
0.87 -1.9991904249999999 -0.9995952124999999 1.4075333669375013e-05 3.518833417343753e-06 4.649007025160198e-08 0.0016178544447557487 0.0002104
0.88 -1.999025849 -0.9995129245 1.692040567919902e-05 4.230101419799755e-06 5.4624243540802606e-08 0.001922773372636252 0.0002458
0.89 -1.9989964010000003 -0.9994982005000002 1.7231337497199016e-05 4.307834374299754e-06 5.4384981369773435e-08 0.0019361053367639343 0.0002546
0.9 -1.9988838850000001 -0.9994419425000001 1.948048285677502e-05 4.870120714193755e-06 6.012494708881179e-08 0.0021644980951972246 0.0002858
0.91 -1.9987141760000007 -0.9993570880000003 2.256490264102402e-05 5.641225660256005e-06 6.81225173319165e-08 0.0024796596308817604 0.0003256
0.92 -1.9985286100000001 -0.9992643050000001 2.541448566790003e-05 6.353621416975007e-06 7.506641560698258e-08 0.0027624440943369594 0.0003587
0.93 -1.9983647059999998 -0.9991823529999999 2.9224292333564037e-05 7.306073083391009e-06 8.447303830952721e-08 0.003142397025114412 0.00039880000000000004
0.94 -1.9982746869999997 -0.9991373434999998 3.015422900203103e-05 7.538557250507757e-06 8.531640165807786e-08 0.0032078967023437266 0.00044
0.95 -1.9981324749999998 -0.9990662374999999 3.254919162437503e-05 8.137297906093757e-06 9.016396571849038e-08 0.0034262306973026346 0.0004746
0.96 -1.9979842739999998 -0.9989921369999999 3.542090469292403e-05 8.855226173231008e-06 9.608535344217674e-08 0.0036896775721795873 0.0005332
0.97 -1.9978056709999998 -0.9989028354999999 3.924671768975905e-05 9.811679422439763e-06 1.0427972603294467e-07 0.004046053370078253 0.0005628000000000001
0.98 -1.9976546190000002 -0.9988273095000001 4.1601012714839046e-05 1.0400253178709761e-05 1.0829084942429987e-07 0.004245001297432555 0.0006186
0.99 -1.9972801089999999 -0.9986400544999999 4.8206599498119054e-05 1.2051649874529763e-05 1.2296347183481034e-07 0.00486935348465849 0.0006898000000000001
1.0 -1.9972495489999997 -0.9986247744999999 4.896903874659905e-05 1.2242259686649762e-05 1.224225968664976e-07 0.004896903874659905 0.0007014999999999999
1.01 -1.996975266 -0.998487633 5.421155612924403e-05 1.3552889032311007e-05 1.3285843576424869e-07 0.005367480804875646 0.0007778
1.02 -1.996721607 -0.9983608035 5.895200728755104e-05 1.473800182188776e-05 1.416570724902707e-07 0.005779608557603044 0.000838
1.03 -1.9962767630000002 -0.9981383815000001 6.619296679183106e-05 1.6548241697957765e-05 1.55983049278516e-07 0.0064265016302748595 0.0009331999999999999
1.04 -1.995962828 -0.997981414 7.302712604241605e-05 1.8256781510604013e-05 1.6879420775336548e-07 0.007021839042540005 0.0010165999999999999
1.05 -1.9957852869999997 -0.9978926434999998 7.453313647763108e-05 1.863328411940777e-05 1.6900937976787092e-07 0.0070983939502505785 0.0010614
1.06 -1.9955591979999996 -0.9977795989999998 7.949440519679605e-05 1.987360129919901e-05 1.768743440654949e-07 0.007499472188376986 0.0011427000000000002
1.07 -1.995199648 -0.997599824 8.581190977609609e-05 2.1452977444024022e-05 1.8737861336382233e-07 0.008019804651971597 0.001222
1.08 -1.9946539709999995 -0.9973269854999998 9.602619618115908e-05 2.400654904528977e-05 2.058174643800563e-07 0.008891314461218432 0.0013500000000000003
1.09 -1.994360494 -1.007180247 0.00010051968797596407 2.512992199399104e-05 2.115135257469154e-07 0.00922198972256552 0.0014648000000000003
1.1 -1.994096012 -0.997048006 0.00010571737519585608 2.642934379896402e-05 2.18424328917058e-07 0.009610670472350553 0.0015502
1.11 -1.9934404259999996 -0.9967202129999998 0.00011961514723852408 2.990378680963102e-05 2.4270584213644196e-07 0.010776139390858024 0.0016852999999999998
1.12 -1.9928325030000003 -1.0014162515 0.00013151617230499108 3.28790430762473e-05 2.6210971840120985e-07 0.011742515384374036 0.0018220000000000005
1.13 -1.9927922099999997 -1.001396105 0.00013041416341590012 3.2603540853974555e-05 2.553335488603261e-07 0.01154107640848657 0.0018649
1.14 -1.99230948 -1.00115474 0.00013969443512960007 3.4923608782399537e-05 2.687258293505696e-07 0.012253897818385803 0.0019921
1.15 -1.9915452799999998 -0.9957726399999999 0.00015432255882160008 3.858063970540002e-05 2.917250639349718e-07 0.013419352941008704 0.0021944
1.16 -1.991240145 -1.0006200724999998 0.0001608108407289751 4.020271018224325e-05 2.987716273947962e-07 0.013863003511118365 0.0022938999999999998
1.17 -1.990538343 -0.9952691715 0.00017569864906435108 4.392466226608777e-05 3.2087561009633847e-07 0.015016978552508642 0.0024528
1.18 -1.9899561270000001 -0.9949780635000001 0.00018348766040987113 4.587191510246778e-05 3.294449518993665e-07 0.015549801729650096 0.0026314999999999997
1.19 -1.9893106790000001 -0.9946553395000001 0.0001994987883089591 4.987469707723977e-05 3.5219756427681513e-07 0.016764604059576395 0.0027978000000000005
1.2 -1.9882290419999997 -0.9991145209999999 0.0002181975819622361 5.4549395490558463e-05 3.7881524646221546e-07 0.018183131830186158 0.0030584
1.21 -1.987749071 -0.9938745355 0.00023004783548695912 5.751195887173978e-05 3.928144175380082e-07 0.019012217808839597 0.0031598000000000004
1.22 -1.9869927509999996 -0.9984963754999998 0.00023963086050199912 5.990771512549921e-05 4.0249741417293596e-07 0.019641873811639083 0.0033637
1.23 -1.986310467 -0.9931552335 0.00026103196139191107 6.525799034797777e-05 4.3134371305425184e-07 0.02122211068226919 0.0035522
1.24 -1.9858428239999997 -0.9929214119999998 0.0002621235707050241 6.553089267625603e-05 4.26189468498023e-07 0.021138997637501943 0.0037178000000000003
1.25 -1.98456546 -1.0022827300000001 0.0002909424327884001 7.273560819710006e-05 4.6550789246144017e-07 0.023275394623072022 0.0040236000000000004
1.26 -1.983716285 -0.9918581425 0.0003065139456487751 7.662848641219378e-05 4.826687226769576e-07 0.02432650362291866 0.004272799999999999
1.27 -1.982865881 -0.9964329405 0.00032058430334383915 8.014607583595922e-05 4.969066639962787e-07 0.025242858531010777 0.0044797
1.28 -1.9821186340000003 -0.9960593170000002 0.00032827180767404406 8.206795191851047e-05 5.009030268463806e-07 0.02564623497453452 0.0047120999999999994
1.29 -1.981014921 -0.9955074605 0.0003590870589137591 8.977176472843923e-05 5.394613588632881e-07 0.0278362061173455 0.004989599999999999
1.3 -1.9800658580000001 -0.9900329290000001 0.0003791185697238361 9.477964243095902e-05 5.60826286573722e-07 0.029162966901833547 0.005261700000000001
1.31 -1.9795406640000002 -0.9947703320000001 0.00038664327693910407 9.666081923477548e-05 5.63258663450708e-07 0.02951475396481694 0.0054525
1.32 -1.97798705 -0.998993525 0.00042047488819750014 0.00010511872204937508 6.032984506965967e-07 0.03185415819678033 0.0057949
1.33 -1.976511326 -0.993255663 0.000452714231221724 0.00011317855780543049 6.398245113088982e-07 0.034038664001633225 0.006161400000000001
1.34 -1.9761892879999998 -1.008094644 0.0004540054432530561 0.0001135013608132641 6.321082691761195e-07 0.033881003227840024 0.0063554
1.35 -1.9744814479999997 -0.9922407239999999 0.00048495350692329603 0.0001212383767308235 6.652311480429301e-07 0.03592248199431807 0.006808099999999999
1.36 -1.974008435 -0.9920042175 0.0004883746267007751 0.0001220936566751933 6.601084379065407e-07 0.03590989902211567 0.0069708
1.37 -1.971996304 -0.995998152 0.0005508884009395841 0.00013772210023489605 7.337743099520273e-07 0.0402108321853711 0.0074349
1.38 -1.9711190250000001 -0.9855595125000001 0.0005673195778993751 0.00014182989447484378 7.447484481980876e-07 0.04111011434053443 0.0077106
1.39 -1.9694032830000003 -0.9947016415000002 0.000603584085071911 0.00015089602126797778 7.80994882604305e-07 0.043423315472799366 0.0082252
1.4 -1.96805949 -0.989029745 0.0006054618231399 0.0001513654557849746 7.722727335968111e-07 0.043247273081421324 0.008616
1.41 -1.9664910290000004 -0.9882455145000002 0.0006514266542711591 0.0001628566635677894 8.191573037965383e-07 0.04620047193412466 0.009023499999999999
1.42 -1.9644078050000002 -0.9822039025000001 0.0006933393038319752 0.0001733348259579938 8.596252031243494e-07 0.04882671153746304 0.009493200000000002
1.43 -1.963658034 -0.986829017 0.0007157632660548441 0.00017894081651371064 8.750590078424912e-07 0.05005337524859039 0.009852700000000002
1.44 -1.962131362 -0.986065681 0.0007407922358249559 0.00018519805895623868 8.931233553059366e-07 0.051443905265621856 0.0102175
1.45 -1.960796231 -0.9853981155 0.0007789680147446389 0.00019474200368615942 9.262402077819725e-07 0.05372193205135433 0.0106191
1.46 -1.9589041809999999 -0.9944520904999998 0.0008297148702692391 0.00020742871756730934 9.731127677205376e-07 0.056829785634879275 0.0112153
1.47 -1.956698226 -0.983349113 0.000873425829852924 0.00021835645746323072 1.01048848842256e-06 0.05941672311924645 0.011808200000000001
1.48 -1.9548904380000003 -0.987445219 0.0009075620600681558 0.00022689051501703904 1.0358405543144583e-06 0.06132176081541596 0.0123367
1.49 -1.9536816710000002 -0.9968408355000001 0.0009188477686977589 0.0002297119421744398 1.0346918705213265e-06 0.06166763548307109 0.012772400000000003
1.5 -1.9507356909999995 -0.9903678454999998 0.000981475385702519 0.00024536884642562944 1.0905282063361323e-06 0.06543169238016786 0.013461800000000001
1.51 -1.9489741350000003 -0.9894870675000002 0.001009787565851775 0.0002524468914629434 1.1071746478792323e-06 0.06687334873190554 0.013998000000000002
1.52 -1.9470948380000002 -0.9885474190000001 0.0010506321164537558 0.00026265802911343874 1.1368508877832364e-06 0.06912053397722072 0.014507
1.53 -1.9442208530000002 -0.9771104265000001 0.001147481301102391 0.0002868703252755975 1.225470226304403e-06 0.07499877784982942 0.015392600000000003
1.54 -1.941709169 -0.9858545844999999 0.0012094592652794392 0.00030236481631985954 1.274940193623966e-06 0.07853631592723624 0.016044100000000002
1.55 -1.9406022580000002 -0.9903011290000001 0.0012179383885014359 0.000304484597125359 1.267365648804824e-06 0.0785766702258991 0.0165081
1.56 -1.937441258 -0.973720629 0.0013016789860774362 0.0003254197465193589 1.3371948821472674e-06 0.08344096064598945 0.0173082
1.57 -1.9358905330000002 -0.9729452665000001 0.001338208315625911 0.00033455207890647766 1.3572643064890167e-06 0.08523619844751022 0.0177566
1.58 -1.9331626999999998 -0.9665813499999999 0.00138838180131 0.0003470954503275 1.390383954204054e-06 0.08787226590569619 0.018654900000000002
1.59 -1.9314190900000003 -0.9807095450000002 0.0014483438091719 0.0003620859522929748 1.4322453711996162e-06 0.09109080560829554 0.0191374
1.6 -1.927690479 -0.9688452395 0.0015010913120005588 0.00037527282800013965 1.4659094843755457e-06 0.09381820700003492 0.020160100000000004
1.61 -1.9249547709999997 -0.9924773854999998 0.001590646741287559 0.0003976616853218898 1.5341294136873178e-06 0.0987979342414633 0.020942000000000002
1.62 -1.922967741 -0.9864838705 0.0016217344299069188 0.00040543360747672964 1.5448620921990912e-06 0.10010706357450114 0.021679100000000007
1.63 -1.9195263 -0.97476315 0.00173572995591 0.00043393248897749987 1.6332285331683547e-06 0.10648650036257666 0.022709400000000005
1.64 -1.9171816560000001 -0.9835908280000001 0.001760272288597664 0.0004400680721494159 1.6361840874085963e-06 0.10733367613400388 0.023425500000000002
1.65 -1.9145406780000003 -0.972270339 0.001816802705000316 0.000454200676250079 1.6683220431591513e-06 0.11010925484850399 0.0242362
1.66 -1.9107545649999997 -0.9753772824999999 0.001961281128210775 0.0004903202820526938 1.7793594210070178e-06 0.118149465554866 0.0252889
1.67 -1.908340874 -0.9741704370000001 0.001966286104216124 0.000491571526054031 1.7626000432214529e-06 0.11774168288719306 0.0260483
1.68 -1.904178793 -0.9720893965 0.002094504540313151 0.0005236261350782879 1.8552513289338427e-06 0.12467288930435426 0.0273467
1.69 -1.9017005359999999 -0.965850268 0.002147032005212704 0.0005367580013031759 1.8793389632827145e-06 0.12704331391791146 0.028051000000000003
1.7 -1.8993437199999996 -0.9546718599999998 0.0021795191856616002 0.0005448797964154001 1.88539721943045e-06 0.1282070109212706 0.028918399999999997
1.71 -1.8957677939999997 -0.9728838969999998 0.002312827790673564 0.000578206947668391 1.977384315407787e-06 0.13525308717389262 0.030019000000000004
1.72 -1.892012123 -0.9610060615 0.0023898040445828714 0.0005974510111457177 2.0195072037105123e-06 0.1389420956152832 0.031149500000000004
1.73 -1.8874871919999998 -0.9737435959999999 0.002482676242855136 0.000620669060713784 2.07380487391421e-06 0.14350729727486333 0.0326036
1.74 -1.883621225 -0.9568106125 0.002574149942849375 0.0006435374857123437 2.1255697110329762e-06 0.1479396518878951 0.03363290000000001
1.75 -1.878886038 -0.979443019 0.0027468473085625563 0.0006867118271406391 2.242324333520454e-06 0.15696270334643178 0.035189200000000004
1.76 -1.8754490659999996 -0.9577245329999998 0.002859255427027644 0.000714813856756911 2.30763770905511e-06 0.16245769471747976 0.036181700000000004
1.77 -1.871487114 -0.965743557 0.0028767651944510042 0.0007191912986127511 2.2956088563718954e-06 0.1625291070311302 0.0373787
1.78 -1.8687837119999997 -0.9643918559999999 0.0030642995520010555 0.000766074888000264 2.4178603964154265e-06 0.1721516602247784 0.0382949
1.79 -1.8647535080000004 -0.9773767540000001 0.003045842880693936 0.000761460720173484 2.376519834504179e-06 0.17015882015049924 0.039571800000000004
1.8 -1.8592671299999999 -0.9896335649999999 0.0032200970421631 0.000805024260540775 2.4846427794468367e-06 0.17889428012017225 0.04134
1.81 -1.8551351270000003 -0.9625675635000002 0.003281589080543871 0.0008203972701359678 2.5041887309177607e-06 0.1813032641184459 0.0425902
1.82 -1.85110449 -0.9555522449999999 0.0035154326897399004 0.0008788581724349751 2.6532368446895764e-06 0.1931556422934011 0.04396010000000001
1.83 -1.844843605 -0.9674218025000001 0.0036835470075539745 0.0009208867518884938 2.7498186027904493e-06 0.20128672172426096 0.04583180000000001
1.84 -1.8413622400000003 -0.9506811200000002 0.0037832910171824 0.0009458227542956 2.7936636173664926e-06 0.20561364223817388 0.04726790000000001
1.85 -1.8359278989999999 -0.9579639495 0.003873499685395798 0.0009683749213489495 2.8294373158479167e-06 0.20937836137274585 0.048813
1.86 -1.829182016 -0.959591008 0.004149845535175745 0.001037461383793936 2.9987899866861376e-06 0.2231099750094486 0.0509579
1.87 -1.8240200149999999 -0.9420100075 0.004218727366949775 0.001054681841737444 3.016048047520499e-06 0.2256003939545335 0.05258080000000001
1.88 -1.8200956599999998 -0.9350478299999999 0.004431234868464399 0.0011078087171161 3.1343614676213792e-06 0.23570398236512768 0.054024499999999996
1.89 -1.8131052890000001 -0.9515526445 0.0046518694669764795 0.0011629673667441199 3.2556965559310213e-06 0.24613065962838515 0.05618420000000001
1.9 -1.8100476589999999 -0.9150238294999999 0.004564175359869718 0.0011410438399674296 3.160786260297589e-06 0.24021975578261676 0.05738940000000001
1.91 -1.8048370120000001 -0.9424185060000001 0.004776576918011855 0.001194144229502964 3.273331952257241e-06 0.2500825611524532 0.0590523
1.92 -1.79589418 -0.94294709 0.0051334251801276 0.0012833562950319 3.4813267551863606e-06 0.2673658947983125 0.06205830000000001
1.93 -1.792309473 -0.9261547365 0.005098866948512272 0.001274716737128068 3.4221502245109073e-06 0.2641899973322421 0.0630913
1.94 -1.784047843 -0.9520239214999999 0.005655317077597351 0.0014138292693993376 3.756587494418477e-06 0.2915111895668737 0.06596880000000001
1.95 -1.780865185 -0.9204325924999999 0.005592500002765776 0.0013981250006914437 3.6768573325218775e-06 0.2867948719367064 0.06702490000000001
1.96 -1.771276491 -0.9156382455000001 0.00592056224567692 0.00148014056141923 3.852927325643559e-06 0.30206950233045504 0.0703781
1.97 -1.7675192299999998 -0.9337596149999999 0.0059799457776071 0.001494986444401775 3.852164303130137e-06 0.3035505470866548 0.0715341
1.98 -1.7608885919999997 -0.9354442959999999 0.006147240154957536 0.0015368100387393843 3.920033768848546e-06 0.3104666744928049 0.0739337
1.99 -1.750634357 -0.9053171785 0.006589807623046551 0.0016474519057616379 4.160127031543744e-06 0.331146111710882 0.07729540000000001
2.0 -1.7462129259999997 -0.9281064629999999 0.0067077436056185245 0.0016769359014046311 4.192339753511578e-06 0.33538718028092623 0.0788894
2.01 -1.740946711 -0.9004733555 0.0067484424941324775 0.0016871106235331198 4.175913030700031e-06 0.3357434076682826 0.0807156
2.02 -1.7311338240000003 -0.8505669120000001 0.0073360892867370235 0.0018340223216842559 4.494712091177963e-06 0.36317273696717933 0.0841467
2.03 -1.7238964759999993 -0.9019482379999997 0.007600538322881424 0.001900134580720356 4.610969886967305e-06 0.3744107548217451 0.0866439
2.04 -1.7175055520000004 -0.8987527760000001 0.007670448428475296 0.001917612107118824 4.607872229716513e-06 0.37600237394486746 0.08886569999999999
2.05 -1.7021771959999998 -0.9060885979999999 0.008766270941877586 0.0021915677354693965 5.214914302128249e-06 0.42762297277451644 0.09414460000000001
2.06 -1.7002251259999996 -0.9001125629999999 0.008589449349684124 0.0021473623374210307 5.0602373867024005e-06 0.4169635606642778 0.09480900000000002
2.07 -1.6931777010000002 -0.9015888504999999 0.008108619502904599 0.0020271548757261498 4.730926919475717e-06 0.39172074893258935 0.0972781
2.08 -1.681517996 -0.8707589979999999 0.009265121801343984 0.002316280450335996 5.3538287036242505e-06 0.44543854814153766 0.10141730000000002
2.09 -1.6684328119999998 -0.8842164059999998 0.010993349522672656 0.002748337380668164 6.2918371389578175e-06 0.5259975848168736 0.10599689999999999
2.1 -1.6612773159999998 0.949361342 0.009970878370636142 0.0024927195926590356 5.652425380179219e-06 0.4748037319350544 0.10871739999999999
2.11 -1.649809621 0.8950951895 0.011218072313586357 0.0028045180783965893 6.2993151061220315e-06 0.5316621949566994 0.1127191
2.12 -1.643685081 0.9931574594999999 0.01050180476717344 0.0026254511917933594 5.841605535318083e-06 0.4953681493949734 0.1150699
2.13 -1.632061118 0.7389694410000002 0.011485190285290076 0.0028712975713225185 6.3287653933798845e-06 0.539210811515966 0.11914899999999999
2.14 -1.6229013410000002 0.7735493295000001 0.011711782442651718 0.00292794561066293 6.393452726576401e-06 0.5472795533949402 0.12252690000000002
2.15 -1.605239859 0.8573800705000001 0.012539701030110118 0.0031349252575275295 6.781882655549009e-06 0.5832419083772148 0.1287603
2.16 -1.603254435 0.7683727825 0.013034249063180776 0.003258562265795194 6.984229822091893e-06 0.6034374566287396 0.12967750000000003
2.17 -1.586289037 0.8868554815000002 0.012820833735562632 0.003205208433890658 6.806703123639615e-06 0.5908218311319186 0.13579370000000002
2.18 -1.574845138 -0.762422569 0.014255907880760959 0.0035639769701902397 7.49932028067974e-06 0.6539407284752733 0.1396825
2.19 -1.5547569399999999 -0.8423784699999999 0.015534559160036399 0.0038836397900090997 8.097495444234066e-06 0.709340600914904 0.14719939999999995
2.2 -1.546345838 -0.798172919 0.015633226006077756 0.003908306501519439 8.075013432891402e-06 0.7106011820944435 0.15045129999999998
2.21 -1.5333716530000001 -0.8066858265000001 0.01686021649039759 0.004215054122599398 8.630155243748894e-06 0.7629057235474023 0.15510900000000002
2.22 -1.526574128 -0.743287064 0.016286492337939613 0.004071623084484904 8.26155158770575e-06 0.733625780988271 0.1578087
2.23 -1.505473093 0.7472634535 0.017562612472063352 0.004390653118015838 8.829160284775158e-06 0.787561097401944 0.16557049999999998
2.24 -1.490646832 -0.8253234159999999 0.017327437322363776 0.004331859330590943 8.633329341898403e-06 0.7735463090340969 0.17117370000000004
2.25 -1.466994908 0.5865025459999998 0.020371064819671533 0.005092766204917883 1.0059785096134091e-05 0.9053806586520682 0.1798317
2.26 -1.4595132210000004 -0.7747566105000001 0.020303863043855157 0.005075965760963789 9.938064376544347e-06 0.8984010196396089 0.1827601
2.27 -1.4421309140000003 0.718934543 0.0200927312710246 0.00502318281775615 9.748263730629646e-06 0.8851423467411718 0.18953739999999997
2.28 -1.4283157400000002 -0.6491578700000001 0.0198951008431524 0.0049737752107881 9.567896296529895e-06 0.8725921422435264 0.19443400000000002
2.29 -1.411129272 0.679435364 0.020648386197050013 0.005162096549262504 9.843627217754245e-06 0.9016762531462889 0.2010302
2.3 -1.410028734 -0.770014367 0.020163841266157244 0.005040960316539311 9.52922555111401e-06 0.876688750702489 0.20169270000000003
2.31 -1.3869278090000001 0.7715360955 0.02033004671070952 0.00508251167767738 9.524768422026161e-06 0.8800886021952173 0.21064990000000003
2.32 -1.360439739 1.0297801305 0.021277691690061874 0.005319422922515468 9.882994430951748e-06 0.9171418831923223 0.22039000000000003
2.33 -1.3431363379999999 0.9684318310000001 0.022437732087149758 0.0056094330217874395 1.0332540702144891e-05 0.9629927934399038 0.2274827
2.34 -1.3283166069999999 -0.6091583035000001 0.02157289093905755 0.005393222734764388 9.84955572862223e-06 0.9219184161990407 0.2330525
2.35 -1.318358413 -0.4241792064999999 0.02083070538817143 0.005207676347042858 9.429925481290823e-06 0.8864129952413374 0.23700980000000002
2.36 -1.3022067290000001 -0.25110336450000004 0.02079447126957056 0.00519861781739264 9.333915931831084e-06 0.8811216639648543 0.24341330000000003
2.37 -1.264724307 -0.6273621535 0.02105969426731975 0.0052649235668299375 9.373361759742804e-06 0.8885946948236181 0.25796220000000003
2.38 -1.264197969 0.7029010155000001 0.01991288674572504 0.0049782216864312605 8.788612538717713e-06 0.8366759136859262 0.25848669999999996
2.39 -1.2509195380000002 -0.5754597690000001 0.019369654528366552 0.004842413632091639 8.477466487091677e-06 0.8104457961659646 0.2636214
2.4 -1.2423870810000002 0.9538064594999999 0.02032472171224944 0.005081180428062359 8.821493798719375e-06 0.84686340467706 0.26745870000000005
2.41 -1.227274634 -0.598637317 0.01932515833356604 0.00483128958339151 8.318192839984694e-06 0.8018737897745245 0.2735232
2.42 -1.202372593 -0.46618629649999993 0.01791247929070635 0.004478119822676588 7.646540234062884e-06 0.7401850946572873 0.28306739999999997
2.43 -1.197255826 -0.13862791300000002 0.018176645437657724 0.004544161359414431 7.695577163735933e-06 0.7480101003151326 0.2855028
2.44 -1.1881843539999999 0.5909078230000001 0.017832199168302688 0.004458049792075671 7.487990110312538e-06 0.7308278347665035 0.28963110000000003
2.45 -1.18040538 0.6047973099999999 0.0173173557103556 0.0043293389275889 7.212559646128946e-06 0.7068308453206367 0.29286650000000003
2.46 -1.160726513 0.1246367435 0.016449997390310826 0.004112499347577707 6.795722366940489e-06 0.6686990809069443 0.3004295
2.47 -1.1517009499999997 0.5591495250000001 0.0170975363535975 0.004274384088399375 7.006153335408503e-06 0.6922079495383602 0.30490350000000005
2.48 -1.137562076 0.27121896199999995 0.015726971319570224 0.003931742829892556 6.392661989289405e-06 0.634152069337509 0.3103334
2.49 -1.123502274 -0.13175113700000002 0.015637640737628924 0.003909410184407231 6.305398597453638e-06 0.6280177003063825 0.31603970000000003
2.5 -1.119665722 0.21016713900000003 0.014851019023018717 0.0037127547557546793 5.9404076092074865e-06 0.5940407609207486 0.318118
2.51 -1.1041254450000002 -0.4170627225 0.013576702209501974 0.0033941755523754936 5.387494726076561e-06 0.5409044704980867 0.3244468
2.52 -1.101520704 0.4992396480000001 0.013876496252444383 0.003469124063111096 5.462843384843626e-06 0.5506546131922374 0.3256482
2.53 -1.088035428 -0.089017714 0.013399235043156814 0.0033498087607892035 5.233340250260439e-06 0.5296140333263564 0.331304
2.54 -1.08445887 -0.162229435 0.014445658914423102 0.0036114147286057754 5.597704024747002e-06 0.5687267289142953 0.33333740000000006
2.55 -1.073113675 0.5134431625 0.013430578711244374 0.0033576446778110936 5.163621188483035e-06 0.5266893612252697 0.3380888
2.56 -1.059502047 0.1502489765 0.01245863444675979 0.003114658611689948 4.7525918757476e-06 0.48666540807655434 0.3440169
2.57 -1.0539086219999998 -0.03695431099999999 0.012149779846361116 0.003037444961590279 4.598775093627881e-06 0.47275407962494614 0.34642809999999996
2.58 -1.052570931 0.0037145345 0.012621415789843238 0.0031553539474608095 4.740331030978922e-06 0.4892021623970247 0.3475952
2.59 -1.0329930669999998 -0.0564965335 0.01148014200038351 0.0028700355000958774 4.278462605053409e-06 0.4432487258835332 0.3555769000000001
2.6 -1.0330305800000001 0.63348471 0.0117353948374636 0.0029338487093659 4.3400128836773665e-06 0.45136133990244615 0.3560756
2.61 -1.026225474 0.006887263 0.011448794615275324 0.002862198653818831 4.201639221119524e-06 0.4386511346848783 0.35943620000000004
2.62 -1.0176804959999999 -0.073840248 0.011469573800593985 0.0028673934501484964 4.177194583865299e-06 0.43776999238908343 0.3632043
2.63 -1.0093625419999999 -0.32968127099999994 0.011395173611998237 0.002848793402999559 4.118598509447238e-06 0.43327656319384933 0.3668348
2.64 -1.0038670840000001 0.603066458 0.011098589259236943 0.002774647314809236 3.981071101367705e-06 0.42040110830442967 0.3690465
2.65 -0.9977398199999999 -0.18386990999999997 0.011054458537067598 0.0027636146342668996 3.935371497710074e-06 0.4171493787572678 0.3725239
2.66 -0.9896382530000001 -0.1748191265 0.010311336623857992 0.002577834155964498 3.6432728757483433e-06 0.3876442339796237 0.3758785
2.67 -0.980912063 0.26954396850000006 0.010255290909934031 0.002563822727483508 3.596379143322964e-06 0.38409329250689256 0.3800479
2.68 -0.9798757659999998 -0.389937883 0.010756518635613242 0.0026891296589033106 3.7440544371008444e-06 0.4013626356572105 0.38077669999999997
2.69 -0.9694171810000001 -0.22470859050000003 0.010339845435363239 0.0025849613588408097 3.5723129293967882e-06 0.38438087120309444 0.38534480000000004
2.7 -0.96652494 0.32173753000000005 0.010313361665396401 0.0025783404163491003 3.536818129422634e-06 0.38197635797764445 0.38679630000000004
2.71 -0.9566179439999999 -0.22330897200000002 0.010260018491312865 0.002565004622828216 3.4926057962557913e-06 0.3785984683141279 0.3912397
2.72 -0.9515243860000001 0.46923780699999995 0.010074925317523005 0.002518731329380751 3.40442707799085e-06 0.37040166608540454 0.39387059999999996
2.73 -0.945419147 -0.15270957349999997 0.00972455252164239 0.0024311381304105975 3.2620028853340275e-06 0.35621071507847585 0.3968403999999999
2.74 -0.940596296 -0.18029814799999996 0.009702107562180382 0.0024255268905450955 3.2307620152180394e-06 0.35409151686789714 0.39920189999999994
2.75 -0.9355344099999999 0.087232795 0.009907044473051898 0.0024767611182629746 3.2750560241493877e-06 0.3602561626564327 0.40170649999999997
2.76 -0.9313216339999998 0.114339183 0.009601932329270044 0.002400483082317511 3.15123277976989e-06 0.34789609888659584 0.40400759999999997
2.77 -0.9232096600000002 0.21339517 0.0094471530316844 0.0023617882579211004 3.078090758280572e-06 0.3410524560174874 0.4074091
2.78 -0.9172383539999999 0.021380823000000004 0.009494722420170684 0.002373680605042671 3.071373900215661e-06 0.34153677770398144 0.41024629999999995
2.79 -0.9136797900000001 0.06316010500000001 0.009465082396055901 0.0023662705990139753 3.03987692734417e-06 0.3392502650916094 0.4123925
2.8 -0.9045720430000002 0.4627139784999999 0.00931304309805615 0.0023282607745140375 2.9697203756556603e-06 0.3326086820734339 0.41622739999999997
2.81 -0.9030143380000001 -0.151507169 0.008923924430621757 0.002230981107655439 2.8254215469097893e-06 0.3175773818726604 0.4177035
2.82 -0.9002515130000001 0.09487424350000001 0.009296684519060832 0.0023241711297652076 2.9226034024510938e-06 0.3296696637964834 0.41899379999999997
2.83 -0.8929483729999999 0.0485258135 0.00908857249040287 0.0022721431226007177 2.837022715479926e-06 0.32115097139232757 0.42263419999999996
2.84 -0.8898772509999999 -0.2099386255 0.008853531738933 0.00221338293473325 2.7442260150928017e-06 0.31174407531454223 0.42421250000000005
2.85 -0.8836530530000002 0.06817347350000001 0.00898740347562919 0.002246850868907298 2.7662060559031056e-06 0.3153474903729541 0.4268768
2.86 -0.8760215499999999 -0.133010775 0.0087937421288975 0.002198435532224375 2.687705428412606e-06 0.3074735010104021 0.43073649999999997
2.87 -0.872891697 0.0835541515 0.00892596869311019 0.0022314921732775475 2.709140785098213e-06 0.3110093621292749 0.4324311
2.88 -0.870251433 0.2948742835 0.00867291558659651 0.0021682288966491277 2.6140876936838447e-06 0.30114290231237884 0.43387689999999995
2.89 -0.864931325 -0.35746566249999995 0.008591510368994375 0.0021478775922485938 2.5716617284857623e-06 0.2972840958129541 0.4364153
2.9 -0.859076101 0.0604619495 0.008571488793587798 0.0021428721983969496 2.5480049921485724e-06 0.29556857908923445 0.43958499999999995
2.91 -0.8562519869999999 -0.22812599350000007 0.00854116591920183 0.0021352914798004577 2.5215709306697578e-06 0.2935108563299598 0.4407153999999999
2.92 -0.8505616650000001 -0.010280832499999998 0.008498618243577775 0.0021246545608944434 2.4918541950816804e-06 0.2910485699855402 0.4440631
2.93 -0.8466719969999998 -0.08333599850000001 0.00824170036978199 0.0020604250924454977 2.400057184644548e-06 0.281286702040341 0.44595869999999993
2.94 -0.8399837980000001 -0.079991899 0.008536494366295196 0.002134123591573799 2.469021694171178e-06 0.2903569512345305 0.4488815000000001
2.95 -0.839205401 -0.054602700500000004 0.0083394630237792 0.0020848657559447994 2.395708998500201e-06 0.28269366182302363 0.45012849999999993
2.96 -0.833466997 -0.1317334985 0.00824992988865199 0.0020624824721629975 2.3540020911283296e-06 0.2787138475895943 0.45264600000000005
2.97 -0.8301269669999999 0.2799365165 0.008265457445730911 0.0020663643614327273 2.3425776977776954e-06 0.2782982304959902 0.45439719999999995
2.98 -0.8264481429999999 -0.21822407150000003 0.00815077497090155 0.0020376937427253874 2.294596800510548e-06 0.2735159386208574 0.4564253999999999
2.99 -0.821316087 -0.19565804350000002 0.008018794991258432 0.002004698747814607 2.242367252955345e-06 0.26818712345345913 0.4589246
3.0 -0.817563607 -0.0687818035 0.008007475937299552 0.002001868984324888 2.224298871472098e-06 0.26691586457665173 0.46094910000000006
3.01 -0.812721645 0.08363917750000001 0.008122523592343974 0.0020306308980859934 2.2412897187514417e-06 0.26985128213767356 0.46337870000000003
3.02 -0.8093618950000001 -0.029680947499999995 0.007912427767758974 0.001978106941939744 2.16888178362763e-06 0.26200091946221776 0.4654131999999999
3.03 -0.8041909629999999 0.057904518499999995 0.00784076017078263 0.0019601900426956574 2.135073949934819e-06 0.25877096273210004 0.4677989000000001
3.04 -0.8009151150000001 0.0045424425000000004 0.007801898779086776 0.001950474694771694 2.110537888213831e-06 0.25664140720680184 0.4698926
3.05 -0.79791224 0.17104388 0.0078199456269824 0.0019549864067456 2.1015709827955925e-06 0.2563916599010623 0.47123709999999996
3.06 -0.794837209 -0.12241860449999999 0.007805800455740317 0.0019514501139350797 2.0840810307307862e-06 0.2550915181614483 0.4731744000000001
3.07 -0.789092397 0.08045380149999999 0.007602532301144391 0.0019006330752860978 2.016608213653299e-06 0.24763948863662513 0.47588729999999996
3.08 -0.7856780329999999 -0.12283901650000001 0.007679691133400911 0.0019199227833502277 2.0238686786876238e-06 0.2493406212143153 0.4777137000000001
3.09 -0.78199764 -0.01099882 0.007784357115630398 0.0019460892789075995 2.038195325674846e-06 0.25192094225341094 0.47970530000000006
3.1 -0.778864281 -0.23443214050000002 0.007659650580203039 0.0019149126450507597 1.992625020864474e-06 0.2470855025871948 0.4813545
3.11 -0.776112063 0.0369439685 0.00741884127423403 0.0018547103185585078 1.9175880300643165e-06 0.23854795094000103 0.4827908
3.12 -0.7730973900000001 0.003451305 0.0075653787980879 0.001891344699521975 1.9429494365569265e-06 0.24248008968230447 0.4848974999999999
3.13 -0.7679980740000001 -0.13399903700000002 0.007613274081990524 0.0019033185204976309 1.9427763072988713e-06 0.24323559367381864 0.4872397
3.14 -0.763065615 0.21346719249999999 0.007530200571221775 0.0018825501428054437 1.9093575224202234e-06 0.23981530481598007 0.4899714
3.15 -0.761515298 0.10424235100000001 0.007480854550471196 0.001870213637617799 1.8848210003706717e-06 0.23748744604670463 0.49104880000000006
3.16 -0.7591157910000002 0.030442104500000004 0.007385408411194319 0.0018463521027985797 1.8490146839434581e-06 0.2337154560504531 0.4922025000000001
3.17 -0.7554578510000001 0.12727107450000003 0.007484564817711799 0.0018711412044279496 1.8620358491257251e-06 0.23610614566914193 0.4943752
3.18 -0.7525184069999998 -0.0012592035 0.007447458597632351 0.0018618646494080878 1.8411698997350656e-06 0.23419681124630035 0.4959084
3.19 -0.7472483790000001 -0.3086241895 0.007321620329422359 0.0018304050823555898 1.7987294566244337e-06 0.22951787866527773 0.49840270000000003
3.2 -0.7456568490000001 -0.07782842449999999 0.007178614681041199 0.0017946536702602997 1.752591474863574e-06 0.22433170878253744 0.4997565
3.21 -0.7429850429999999 0.45350747850000006 0.0072181279145381505 0.0018045319786345376 1.751275685052103e-06 0.22486379796069006 0.5013063
3.22 -0.738320452 0.23083977400000003 0.007168679838815696 0.001792169959703924 1.7284923032521157e-06 0.22262980865887252 0.5032761
3.23 -0.735665809 0.1371670955 0.00706483969352552 0.00176620992338138 1.6929232748146541e-06 0.21872568710605325 0.5050233
3.24 -0.732062635 -0.011031317500000002 0.007071094899406774 0.001767773724851694 1.6839789331387106e-06 0.21824366973477702 0.5067212999999999
3.25 -0.7303919019999999 0.05480404900000001 0.006962475539322395 0.0017406188848305987 1.647923204573348e-06 0.21423001659453522 0.5083362000000001
3.26 -0.724944687 -0.20247234349999998 0.007129654806222031 0.0017824137015555078 1.6771554269595286e-06 0.21870106767552244 0.5106485
3.27 -0.724074967 -0.0270374835 0.00698886668129891 0.0017472166703247276 1.6339970170157089e-06 0.21372680982565476 0.511729
3.28 -0.7197158459999998 0.015142076999999999 0.006828706810604284 0.0017071767026510714 1.5868314086212364e-06 0.2081922808111063 0.5135984
3.29 -0.7166475330000001 0.07667623350000001 0.006925166484863909 0.0017312916212159773 1.5994785905673244e-06 0.21049138251865987 0.5154077999999999
3.3 -0.7136984200000001 0.008150789999999998 0.007076717346203601 0.0017691793365509003 1.6245907589999084e-06 0.21444598018798794 0.5170522
3.31 -0.7105013069999999 0.0347493465 0.006794351061241752 0.0016985877653104375 1.5503580337076494e-06 0.20526740366289276 0.5186143000000001
3.32 -0.7090226059999999 -0.014511303 0.006818623074468764 0.0017046557686171912 1.546537749144643e-06 0.20538021308640858 0.5203039
3.33 -0.7050793009999998 -0.22253965049999994 0.006972871045301402 0.0017432177613253498 1.5720384901345946e-06 0.20939552688592789 0.5220355
3.34 -0.701292366 -0.130646183 0.006904933389422044 0.001726233347355511 1.5474141662981024e-06 0.2067345326174265 0.5238651
3.35 -0.700091174 -0.05504558699999999 0.006851468786801725 0.0017128671967004312 1.526279524794325e-06 0.20452145632243954 0.5249450999999999
3.36 -0.696890568 0.056554716000000005 0.006794093432437376 0.001698523358109344 1.5045026910690758e-06 0.2022051616796838 0.5266831000000001
3.37 -0.694534429 -0.1572672145 0.006841989584193959 0.0017104973960484899 1.5061305427083882e-06 0.20302639715709078 0.5280733
3.38 -0.69140783 0.16429608499999998 0.0067224622766911 0.001680615569172775 1.4710755656076252e-06 0.1988894164701509 0.5298854000000001
3.39 -0.6877811490000001 0.23610942549999997 0.006723574941689799 0.0016808937354224496 1.462651504444314e-06 0.1983355440026489 0.5316994
3.4 -0.686847563 -0.1534237815 0.00659756976781103 0.0016493924419527576 1.4268100708933889e-06 0.1940461696415009 0.5326135
3.41 -0.6830866369999999 0.053456681500000006 0.006698176760180231 0.0016745441900450578 1.4400840980427221e-06 0.1964274709730273 0.5346162
3.42 -0.678911956 0.090544022 0.006676793529554066 0.0016691983823885165 1.4271043931367912e-06 0.19522788098111304 0.5367738
3.43 -0.6771810009999999 0.10640949949999999 0.006509623144587999 0.0016274057861469999 1.3832720942353946e-06 0.18978493132909618 0.537755
3.44 -0.675164346 -0.17758217299999998 0.006623996748292284 0.0016559991870730706 1.3994043968640746e-06 0.19255804500849658 0.5390708000000001
3.45 -0.674058862 0.12297056899999999 0.006554270355464956 0.001638567588866239 1.37665833973219e-06 0.1899788508830422 0.540037
3.46 -0.669888766 0.10505561699999999 0.006503138243497244 0.001625784560874311 1.3580344823367895e-06 0.18795197235541167 0.5423701000000001
3.47 -0.667319171 -0.1486595855 0.006520310549022758 0.0016300776372556896 1.3537838843073934e-06 0.18790520314186623 0.5434138000000001
3.48 -0.664546736 -0.092273368 0.006489648235446305 0.0016224120588615761 1.339684947534001e-06 0.18648414469673288 0.5449937
3.49 -0.6635679579999999 -0.081783979 0.006566919604610235 0.0016417299011525588 1.3478788360954e-06 0.1881638855189179 0.5459727000000001
3.5 -0.6598254149999999 0.05508729249999999 0.006360251478227774 0.0015900628695569438 1.2980105057607703e-06 0.18172147080650786 0.5475881
3.51 -0.657372195 -0.0886860975 0.006513378388131976 0.0016283445970329937 1.3216975487479764e-06 0.18556633584421584 0.5493468
3.52 -0.6553678529999999 0.0773160735 0.006476317807720392 0.001619079451930098 1.306720890310319e-06 0.18398630135569297 0.5507589999999999
3.53 -0.652404749 -0.09120237449999999 0.006424365660896999 0.0016060914152242498 1.288904826476619e-06 0.18199336149849857 0.5524273
3.54 -0.649889293 -0.0099446465 0.006353560375510151 0.0015883900938775378 1.2675078153448386e-06 0.17947910665282912 0.5538424000000001
3.55 -0.646641903 0.3116790485 0.006354222155688591 0.0015885555389221475 1.2605082633780184e-06 0.1789921733996786 0.5550368999999999
3.56 -0.645383859 -0.007691929500000001 0.006261273794818119 0.0015653184487045297 1.2351016670121588e-06 0.17587847738253143 0.5561685
3.57 -0.6434997039999999 0.038250148 0.006299857972312384 0.001574964493078096 1.235760573310184e-06 0.17646660986869422 0.5577934
3.58 -0.641577089 -0.0957885445 0.006362004609136078 0.0015905011522840194 1.2409890080553195e-06 0.17770962595352172 0.5586758999999999
3.59 -0.638039354 -0.014019677 0.006267651431262684 0.001566912857815671 1.2157826660374076e-06 0.1745863908429717 0.5605838
3.6 -0.638349263 -0.0441746315 0.00625678580520683 0.0015641964513017077 1.2069417062513176e-06 0.17379960570018974 0.5608181000000001
3.61 -0.6340452129999999 0.5729773935 0.00616057977713463 0.0015401449442836576 1.1818087217590853e-06 0.17065317942201194 0.5627674
3.62 -0.631866901 -0.0159334505 0.006251083722506199 0.0015627709306265498 1.1925543562670168e-06 0.17268187078746405 0.5643290000000001
3.63 -0.629412784 0.12529360800000003 0.006075050170869345 0.0015187625427173362 1.1525947246448986e-06 0.16735675401843925 0.5655262999999999
3.64 -0.6283316170000001 -0.12416580849999999 0.006150417238615312 0.001537604309653828 1.1604911164516876e-06 0.1689675065553657 0.566523
3.65 -0.625387715 -0.037693857500000004 0.006143148650128776 0.001535787162532194 1.152777003214257e-06 0.16830544246928153 0.568295
3.66 -0.622655634 -0.05632781700000001 0.0061122404112580455 0.0015280601028145114 1.1407179244039171e-06 0.16700110413273347 0.569852
3.67 -0.62035613 -0.310178065 0.0060093679790230985 0.0015023419947557746 1.1154155088802905e-06 0.16374299670362666 0.5709358
3.68 -0.617593522 -0.123796761 0.005949749217435516 0.001487437304358879 1.0983557599530945e-06 0.16167796786509553 0.5729256
3.69 -0.616219397 0.0118903015 0.006031349700306391 0.0015078374250765978 1.107393031100387e-06 0.1634512113904171 0.5734024
3.7 -0.61370697 -0.086853485 0.0060098316487190995 0.0015024579121797749 1.0974856918771182e-06 0.1624278823978135 0.574761
3.71 -0.612679894 -0.036339947000000004 0.006045069642448764 0.0015112674106121911 1.097977645187256e-06 0.1629398825457888 0.5759141
3.72 -0.610185226 0.05990738700000001 0.0060178980806289235 0.0015044745201572309 1.08717374852384e-06 0.1617714537803474 0.577529
3.73 -0.60854822 -0.18427411 0.0059912073186316 0.0014978018296579 1.0765561670520886e-06 0.1606221801241716 0.5779737
3.74 -0.605154222 0.032422889 0.0059758177977747165 0.0014939544494436791 1.068056313766249e-06 0.15978122453943092 0.5799390999999999
3.75 -0.604760031 0.0526199845 0.006033109890229039 0.0015082774725572597 1.0725528693740514e-06 0.1608829304061077 0.5805672
3.76 -0.601832896 -0.025916448 0.005852650549053185 0.0014631626372632962 1.0349441470004078e-06 0.1556555997088613 0.582157
3.77 -0.5999511399999999 0.005024430000000001 0.0060220638476004 0.0015055159619001 1.0592602226850958e-06 0.15973644158091246 0.5831531999999999
3.78 -0.597414671 -0.0087073355 0.005968820500611759 0.0014922051251529398 1.044347250323997e-06 0.15790530424898835 0.5845809
3.79 -0.5952662799999999 0.017366859999999998 0.0058759037721616 0.0014689759430404 1.0226717601801715e-06 0.155037038843314 0.5859733
3.8 -0.5956283269999999 -0.0978141635 0.005875049253831071 0.0014687623134577677 1.0171484165219998e-06 0.15460655931134398 0.5862906999999999
3.81 -0.5936687700000001 -0.11683438500000001 0.0058001477238871 0.001450036930971775 9.989163280576565e-07 0.1522348483959869 0.5875307000000001
3.82 -0.588439415 -0.034219707499999995 0.005725133205607775 0.0014312833014019435 9.80841603438738e-07 0.14987259700543912 0.5897983
3.83 -0.5882673949999999 0.2808663025 0.005846197902063975 0.0014615494755159937 9.963592876875524e-07 0.15264224287373301 0.5903891
3.84 -0.586364738 0.006817631000000002 0.005766231871091356 0.001441557967772839 9.776190645160856e-07 0.15016228830967074 0.5914551
3.85 -0.5850700169999999 0.0974649915 0.005884163148169712 0.001471040787042428 9.92437704194588e-07 0.15283540644596655 0.5924202999999999
3.86 -0.582429834 -0.091214917 0.005727967387432444 0.001431991846858111 9.61094154781411e-07 0.14839293749824986 0.5939206
3.87 -0.580655372 0.034672314 0.005766967132341616 0.001441741783085404 9.62643659959941e-07 0.14901723856179885 0.5949327
3.88 -0.579364972 0.055317514 0.005716847655139215 0.0014292119137848038 9.493649124407509e-07 0.14734143441080452 0.5959876000000001
3.89 -0.5767775749999999 -0.0683887875 0.005812989148769374 0.0014532472871923434 9.603738325760096e-07 0.14943416834882708 0.5974208
3.9 -0.573846677 -0.0319233385 0.0056774173549076715 0.0014193543387269179 9.331718203332794e-07 0.14557480397199157 0.5988680000000001
3.91 -0.5726315980000001 0.068684201 0.005712966268766395 0.0014282415671915988 9.342178342577552e-07 0.14611166927791291 0.5997075999999999
3.92 -0.570592209 0.2347038955 0.00573574120455032 0.00143393530113758 9.331628105070672e-07 0.14631992868750815 0.6008057
3.93 -0.569545059 0.055227470499999994 0.00579198495473652 0.0014479962386841298 9.375238678684418e-07 0.14737875202891904 0.6022583
3.94 -0.5675522370000001 0.10622388150000002 0.005604710508345831 0.0014011776270864578 9.026112674163582e-07 0.14225153574481805 0.6030355
3.95 -0.5664173229999999 0.0667913385 0.005695186010763671 0.0014237965026909177 9.125438248299425e-07 0.1441819243231309 0.6036742
3.96 -0.5639074329999999 -0.0769537165 0.005596254095900512 0.001399063523975128 8.921688628552748e-07 0.14131954787627554 0.6050762000000001
3.97 -0.561931692 -0.115965846 0.005525755891317137 0.0013814389728292842 8.764975177999252e-07 0.13918780582662812 0.6064403
3.98 -0.5605005940000001 0.069749703 0.0056572521414471645 0.0014143130353617911 8.928518442474883e-07 0.14214201360420012 0.6074689
3.99 -0.5594049239999999 -0.049702462 0.005597105184054225 0.0013992762960135562 8.789368760331629e-07 0.14027832541489285 0.6079754
4.0 -0.557007418 0.016496291 0.005537036564673276 0.001384259141168319 8.651619632301994e-07 0.13842591411683192 0.6093478
4.01 -0.554844375 0.11757781250000003 0.0055054009115093755 0.0013763502278773439 8.559338734692846e-07 0.1372917933044732 0.6107322000000001
4.02 -0.554597809 0.0577010955 0.005588096246149519 0.00139702406153738 8.644736897214054e-07 0.139007369307202 0.610986
4.03 -0.551637856 0.05918107200000001 0.005564460443723265 0.0013911151109308162 8.56550505779123e-07 0.13807594153159464 0.6125721999999999
4.04 -0.550251195 -0.010125597499999998 0.005573921544421974 0.0013934803861054936 8.53764573390779e-07 0.13796835505994987 0.6136368
4.05 -0.548472446 0.0007637770000000001 0.005585659023577083 0.0013964147558942707 8.513426342900598e-07 0.1379175067549897 0.6148011999999999
4.06 -0.5475045829999999 0.0512477085 0.005502159072146111 0.0013755397680365277 8.344898978600113e-07 0.1355211594124658 0.6154805
4.07 -0.5462008249999999 -0.0481004125 0.0053860819893693755 0.0013465204973423439 8.128757175366852e-07 0.13233616681497237 0.616256
4.08 -0.54312184 -0.02656092 0.0053952185039144 0.0013488046259786 8.102680615500048e-07 0.13223574764496077 0.6179667
4.09 -0.5419045060000001 0.159047747 0.005421268300995964 0.001355317075248991 8.102038338179417e-07 0.13254934721261527 0.6187613000000001
4.1 -0.540162277 -0.0250811385 0.00546417668502527 0.0013660441712563178 8.12637817523092e-07 0.13327260207378713 0.6197598
4.11 -0.5392835650000001 -0.1296417825 0.0054370182666407755 0.0013592545666601939 8.046687899433427e-07 0.13228754906668552 0.6206086
4.12 -0.538044375 0.1459778125 0.005444783233609376 0.001361195808402344 8.019110003312893e-07 0.1321549328545965 0.6216198000000001
4.13 -0.535118668 0.007440665999999999 0.005391473291905777 0.0013478683229764443 7.902188105555197e-07 0.13054414750377186 0.6229157000000001
4.14 -0.535374579 0.1023127105 0.00541289197442276 0.0013532229936056902 7.895300903204801e-07 0.13074618295707152 0.6230564999999999
4.15 -0.5326000809999999 0.1886999595 0.00539444531034344 0.00134861132758586 7.830520119528871e-07 0.12998663398417926 0.6244349
4.16 -0.5311530510000001 0.06942347450000001 0.005412331779141399 0.0013530829447853498 7.818757770810314e-07 0.13010412930628362 0.6254789
4.17 -0.530484818 0.149757591 0.005310658273706875 0.0013276645684267188 7.635126824737152e-07 0.12735391543661573 0.6260503000000001
4.18 -0.528707836 0.030646081999999998 0.005332944848497103 0.0013332362121242758 7.630527071977953e-07 0.12758241264347137 0.6271877
4.19 -0.5268064559999999 -0.04340322799999999 0.0053586527189200634 0.0013396631797300156 7.630756145898095e-07 0.12789147300525208 0.6285403999999999
4.2 -0.5241200999999999 -0.04706005 0.00529683822029 0.0013242095550725 7.506856888166099e-07 0.12611519572119048 0.6296767
4.21 -0.523532422 -0.046766211 0.005334697287813916 0.001333674321953479 7.524637764137412e-07 0.12671489994807403 0.6306345000000001
4.22 -0.522172267 0.003913866499999999 0.00525589342923071 0.0013139733573076775 7.378390856605185e-07 0.1245472376594955 0.6312888
4.23 -0.520796083 0.1296019585 0.00527157425470711 0.0013178935636767774 7.365455368759547e-07 0.12462350483941156 0.6320211000000001
4.24 -0.5179566050000001 -0.0589783025 0.005265791767723974 0.0013164479419309938 7.322712386141605e-07 0.12419320206896167 0.6337811
4.25 -0.516892467 -0.05344623350000001 0.005305315597103911 0.001326328899275978 7.342997366233787e-07 0.12483095522597441 0.6343705000000001
4.26 -0.5160706140000001 0.10196469299999998 0.005221216255263003 0.0013053040638157508 7.192709029379925e-07 0.12256376186063389 0.6350107
4.27 -0.515698129 -0.11784906449999999 0.0052849424634493596 0.0013212356158623399 7.246437022428358e-07 0.12376914434307634 0.6358656
4.28 -0.514577858 0.077711071 0.005326391578631835 0.0013315978946579587 7.269182323008333e-07 0.12444840136990268 0.6363266000000001
4.29 -0.5115435720000001 -0.070771786 0.005302301202280817 0.0013255753005702042 7.202608660951659e-07 0.12359676462193046 0.6377689000000001
4.3 -0.5105976369999999 0.0397011815 0.00515365844756623 0.0012884146118915577 6.968169885838602e-07 0.11985252203642398 0.6382632
4.31 -0.5101916630000001 -0.020095831499999998 0.005247966542544431 0.0013119916356361077 7.062793781450941e-07 0.12176256479221419 0.6392517
4.32 -0.5077070470000001 -0.11885352350000002 0.005138871795689791 0.0012847179489224477 6.883991067185611e-07 0.11895536564096738 0.6405002
4.33 -0.506262317 -0.06813115850000001 0.00522814099634151 0.0013070352490853776 6.971263642589047e-07 0.12074228628964227 0.6412441999999999
4.34 -0.506582101 0.026708949500000002 0.0053139879626757985 0.0013284969906689496 7.053117451363109e-07 0.12244211895566355 0.6414223
4.35 -0.5031023969999999 -0.0115511985 0.005155404736104391 0.0012888511840260981 6.811209850844749e-07 0.11851505140469867 0.6433406999999999
4.36 -0.5022922350000001 0.0988538825 0.005174412966354775 0.0012936032415886937 6.804999797937325e-07 0.11867919647602693 0.6435571
4.37 -0.5012069320000001 -0.065603466 0.005229927306247375 0.001307481826561844 6.846565812052446e-07 0.1196779703946768 0.6447708999999999
4.38 -0.498486662 -0.074243331 0.0050776285459977555 0.001269407136499439 6.616871710866324e-07 0.11592759237437801 0.6458962999999999
4.39 -0.4983151740000001 -0.059157587 0.005189088975449724 0.001297272243862431 6.731348653558414e-07 0.11820248235648574 0.6464838
4.4 -0.49710576399999995 -0.143552882 0.005149418182676304 0.0012873545456690758 6.649558603662583e-07 0.11703223142446142 0.6472643
4.41 -0.495180962 -0.047590481000000004 0.005131610464754557 0.001282902616188639 6.596544732846083e-07 0.11636304908740489 0.6480448000000001
4.42 -0.49396164700000006 -0.0219808235 0.00513946783809739 0.001284866959524348 6.576784666183879e-07 0.11627755289813102 0.6491097
4.43 -0.49388985800000007 -0.06694492899999999 0.005221335363139836 0.001305333840784959 6.651416520771871e-07 0.11786310074807756 0.649588
4.44 -0.4913053699999999 0.019347314999999997 0.0050667481651631005 0.001266687041290775 6.42544761631957e-07 0.11411594966583556 0.6509362000000001
4.45 -0.490006935 0.009996532499999999 0.0050479630274557746 0.0012619907568639436 6.372886033904525e-07 0.11343737140350053 0.6516356
4.46 -0.488304374 0.270847813 0.005096812012668124 0.001274203003167031 6.405734094628039e-07 0.11427829624816424 0.6524015
4.47 -0.487510659 0.0612446705 0.005071142529135719 0.0012677856322839296 6.344987624601143e-07 0.11344837872786842 0.6533235999999999
4.48 -0.486399105 -0.1331995525 0.005080377498248975 0.0012700943745622437 6.328196620706331e-07 0.11340128344305746 0.6541535999999999
4.49 -0.485467033 -0.0827335165 0.005020229386626911 0.0012550573466567278 6.225451990102864e-07 0.11180911774224746 0.6547508999999999
4.5 -0.48409453099999994 0.09295273449999998 0.0050165982979400395 0.0012541495744850099 6.19333123202474e-07 0.11147996217644532 0.6557166
4.51 -0.482715347 0.1936423265 0.005143664130619591 0.0012859160326548977 6.322073306694156e-07 0.11405020245276255 0.6563859000000001
4.52 -0.48013808599999996 -0.070069043 0.005014573293356603 0.0012536433233391508 6.136166317542246e-07 0.1109418870211638 0.6577158000000001
4.53 -0.479362302 -0.054681151000000004 0.005060181078660796 0.001265045269665199 6.164667581174308e-07 0.11170377657087849 0.6580985
4.54 -0.47929231800000005 -0.099646159 0.0050342430831868765 0.0012585607707967191 6.10607992973238e-07 0.11088641152394002 0.6586339999999999
4.55 -0.477930139 0.0660349305 0.005010992897090679 0.0012527482242726698 6.051192968350053e-07 0.11013171202397097 0.659894
4.56 -0.47727602299999994 -0.0586380115 0.0049759691667534715 0.0012439922916883674 5.982572963259696e-07 0.10912213084985681 0.6602483
4.57 -0.474973216 -0.04748660800000001 0.0049524010403173445 0.0012381002600793361 5.928207748561573e-07 0.10836763764370556 0.6614759
4.58 -0.47478329199999997 -0.007391645999999999 0.004967260373942736 0.001241815093485684 5.920058224889324e-07 0.1084554666799724 0.6616426
4.59 -0.47304582000000006 -0.02652291 0.004947441731027599 0.0012368604327568998 5.87077350476265e-07 0.10778740154744225 0.6627577
4.6 -0.471889412 0.034055294 0.004923620301994256 0.001230905075498564 5.817131736760699e-07 0.10703522395639688 0.6632448999999999
4.61 -0.47047183000000004 -0.06523591499999999 0.0049919889581511 0.001247997239537775 5.872347859918667e-07 0.10828609453690022 0.6643300999999999
4.62 -0.4683861 0.01580695 0.004891842668490001 0.0012229606671225002 5.729655868155114e-07 0.10588404044350651 0.6651721
4.63 -0.46731507600000005 0.011342462 0.0049398755119142235 0.0012349688779785559 5.760949008385336e-07 0.1066927756352964 0.6663598
4.64 -0.466141922 -0.11307096099999998 0.004963258677945916 0.001240814669486479 5.76329643600661e-07 0.10696678185228269 0.6666469
4.65 -0.465798262 -0.032899131 0.004865140085679356 0.001216285021419839 5.625089704797499e-07 0.10462666850923347 0.6672975
4.66 -0.4649196239999999 -0.09245981200000002 0.004896913280698624 0.001224228320174656 5.637552359477317e-07 0.10508397598065718 0.6680354000000001
4.67 -0.462747662 -0.021373831 0.004902263903433756 0.001225565975858439 5.619568047257949e-07 0.1049735311227785 0.6690949
4.68 -0.460804465 0.044597767499999996 0.004837522965013775 0.0012093807412534437 5.521681373974741e-07 0.10336587532080717 0.6702468999999999
4.69 -0.46063505 -0.110317525 0.004942979993797499 0.001235744998449375 5.618018641710915e-07 0.10539402971849679 0.670611
4.7 -0.46002569300000007 -0.0050128465 0.004954338623619751 0.0012385846559049378 5.606992557288085e-07 0.10541146007701598 0.6716154000000001
4.71 -0.45881918899999996 0.1255904055 0.004895094812332279 0.0012237737030830697 5.516445125486585e-07 0.10392982616416727 0.6718838000000001
4.72 -0.45869525999999994 0.23065237000000002 0.0048454277997323995 0.0012113569499330999 5.437360627033809e-07 0.1026573686383983 0.6723922000000001
4.73 -0.455779719 -0.16788985950000002 0.004881075579731039 0.0012202688949327597 5.454227636706727e-07 0.10319398688649128 0.6734001
4.74 -0.455190542 -0.07759527100000001 0.004856827958346236 0.001214206989586559 5.404257640275591e-07 0.10246472485962523 0.6744921
4.75 -0.45441293999999993 0.23279353000000003 0.004774499851356399 0.0011936249628390998 5.290304544439223e-07 0.10051578634434524 0.6747173
4.76 -0.453726413 -0.026863206499999993 0.004854356016903431 0.0012135890042258577 5.356211620938926e-07 0.10198226926267712 0.6754577
4.77 -0.45309940700000007 0.07345029650000001 0.004797978328898351 0.0011994945822245877 5.271831644425933e-07 0.10058654777564678 0.6761441999999999
4.78 -0.44973623500000004 0.00013188249999999998 0.004890178219874776 0.001222544554968694 5.350679062729529e-07 0.1023049836793886 0.6774915999999999
4.79 -0.450298916 0.104850542 0.004745216020124944 0.001186304005031236 5.170409844061158e-07 0.09906505261221178 0.6778736999999999
4.8 -0.448711096 0.020644451999999997 0.004788271317478784 0.001197067829369696 5.195606898305972e-07 0.09975565244747467 0.6786198999999999
4.81 -0.447362162 0.11131891899999999 0.004805100717685757 0.0012012751794214388 5.192211217194944e-07 0.09989814381883068 0.6793515999999999
4.82 -0.445635259 0.10218237050000001 0.004704128859552919 0.0011760322148882299 5.062034980838096e-07 0.09759603443055849 0.6801645
4.83 -0.4458024990000001 0.0220987505 0.004747312642604999 0.0011868281606512497 5.087373003661766e-07 0.09828804643074532 0.6806169
4.84 -0.4437729590000001 -0.0218864795 0.00477969384303432 0.00119492346075858 5.100930011434413e-07 0.09875400502137024 0.6815768000000001
4.85 -0.44340605200000005 0.058296973999999994 0.0047780129755732965 0.0011945032438933237 5.078130487377294e-07 0.09851573145511949 0.6818805000000002
4.86 -0.4419524609999999 -0.035976230500000005 0.004720358172893478 0.0011800895432233695 4.996230009074538e-07 0.09712671137640902 0.6825945000000001
4.87 -0.440554999 0.2097225005 0.004775818006559999 0.0011939545016399998 5.034192924201728e-07 0.09806607816344967 0.6836657999999999
4.88 -0.44183266100000007 -0.0909163305 0.004818250083009079 0.0012045625207522698 5.058126682814894e-07 0.09873463284854671 0.6833969999999999
4.89 -0.439196217 0.07540189149999998 0.004781439650138911 0.0011953599125347277 4.998975048342587e-07 0.097779951945581 0.6847865
4.9 -0.43851552400000005 0.045742238000000005 0.004738730180305424 0.001184682545076356 4.934121387240134e-07 0.09670877918990661 0.6852622
4.91 -0.437121604 -0.12356080200000001 0.004733865830967184 0.001183466457741796 4.908999289623803e-07 0.0964127460482115 0.6859164999999999
4.92 -0.43657134200000003 -0.008285671000000001 0.004713474041119035 0.0011783685102797587 4.868003958786761e-07 0.09580231790892348 0.6866351
4.93 -0.435723975 -0.0778619875 0.004728930161849374 0.0011822325404623438 4.864173645899977e-07 0.09592150429714758 0.6874731
4.94 -0.43450115599999994 0.07774942200000001 0.004631531297263664 0.001157882824315916 4.744721370272893e-07 0.09375569427659237 0.687824
4.95 -0.432601362 -0.14630068100000002 0.004745556460044956 0.001186389115011239 4.841910478568469e-07 0.09586982747565567 0.6888235
4.96 -0.431420269 0.0642898655 0.00462483998521764 0.00115620999630441 4.699734961565141e-07 0.09324274163745241 0.6898006
4.97 -0.4316080359999999 0.06919598199999999 0.004632501624822704 0.001158125406205676 4.6885959872137296e-07 0.09320928822580893 0.689945
4.98 -0.430690976 0.04465451200000001 0.004629737892467424 0.001157434473116856 4.666999214193544e-07 0.0929666243467354 0.6907236
4.99 -0.4285297560000001 -0.054264878 0.004630203127080464 0.001157550781770116 4.6487796505641165e-07 0.09278964182525978 0.6916485000000001
5.0 -0.42739810199999995 -0.023699051 0.004632417135897596 0.001158104283974399 4.632417135897596e-07 0.09264834271795191 0.6923690000000001
