          20
<<<<<<< HEAD
           1          -1           1          -1          -1          -1           1           1          -1           1          -1           1          -1          -1          -1           1           1           1          -1           1
           1           1          -1          -1          -1           1           1          -1          -1          -1          -1           1           1          -1          -1          -1          -1          -1          -1           1
          -1           1          -1          -1          -1           1           1          -1           1          -1          -1          -1           1          -1          -1          -1           1           1          -1          -1
          -1          -1           1          -1           1           1           1          -1           1           1          -1           1          -1           1          -1           1           1           1          -1          -1
          -1          -1          -1           1           1           1           1           1           1          -1          -1           1          -1           1           1          -1           1          -1           1          -1
          -1           1           1          -1           1          -1           1           1          -1           1           1           1           1          -1           1          -1          -1           1          -1          -1
           1           1           1           1           1           1          -1          -1          -1          -1           1           1          -1          -1          -1          -1           1           1          -1           1
           1           1           1           1          -1           1           1           1           1           1           1           1          -1           1          -1          -1           1           1           1           1
           1           1          -1          -1           1           1           1           1           1           1          -1           1           1           1          -1           1          -1           1           1          -1
           1           1           1           1           1          -1           1           1           1           1           1           1          -1          -1          -1           1          -1           1           1           1
           1           1           1           1          -1          -1           1          -1           1           1           1           1          -1          -1          -1           1          -1           1           1           1
           1           1          -1          -1          -1          -1           1          -1           1           1           1          -1          -1           1           1           1          -1          -1          -1           1
           1           1          -1          -1           1           1          -1          -1           1           1          -1           1           1          -1          -1           1          -1           1           1           1
           1           1           1           1           1           1          -1          -1          -1           1           1          -1          -1          -1           1          -1          -1          -1          -1           1
          -1          -1          -1          -1           1           1           1          -1           1           1          -1          -1          -1           1          -1           1           1          -1           1          -1
           1          -1          -1          -1           1          -1          -1          -1          -1          -1          -1          -1          -1           1           1           1           1          -1          -1          -1
          -1           1           1           1           1           1          -1          -1          -1          -1          -1           1          -1          -1          -1          -1           1           1          -1          -1
           1           1           1           1           1           1          -1          -1          -1          -1          -1           1          -1           1           1          -1           1           1          -1          -1
          -1          -1           1          -1           1           1           1           1           1          -1          -1           1           1          -1           1           1           1           1           1           1
           1          -1           1           1          -1          -1           1           1          -1          -1          -1           1          -1          -1           1           1           1          -1          -1           1
=======
           1          -1           1          -1           1           1           1          -1          -1           1          -1           1          -1          -1          -1           1           1           1          -1           1
          -1          -1           1           1           1          -1           1           1          -1           1           1           1           1           1           1           1          -1           1          -1          -1
           1           1          -1           1          -1           1           1           1           1           1           1           1          -1           1           1           1           1          -1           1           1
           1           1           1           1          -1           1           1          -1          -1          -1           1           1           1           1           1           1           1          -1          -1           1
          -1           1           1           1           1           1           1          -1           1           1          -1          -1           1           1           1           1           1           1          -1           1
           1           1          -1           1           1           1           1           1          -1           1           1          -1           1          -1           1          -1           1          -1          -1           1
          -1           1          -1           1          -1           1           1           1           1           1           1          -1           1          -1           1          -1           1           1          -1           1
          -1           1          -1           1           1           1           1          -1          -1          -1          -1          -1          -1          -1           1          -1           1          -1          -1           1
           1           1          -1           1           1           1           1          -1           1          -1          -1          -1           1          -1           1           1          -1          -1           1           1
           1           1           1           1           1          -1           1           1          -1          -1           1           1           1           1          -1           1           1           1           1          -1
          -1           1           1           1           1           1          -1          -1          -1          -1          -1          -1          -1           1           1          -1          -1          -1          -1          -1
          -1          -1          -1           1          -1           1          -1          -1           1          -1           1          -1          -1           1           1           1          -1          -1          -1          -1
           1           1          -1           1          -1           1           1          -1           1          -1          -1          -1          -1           1          -1          -1          -1          -1           1           1
          -1          -1           1           1          -1           1           1          -1          -1           1           1           1           1          -1          -1           1           1           1           1           1
          -1          -1           1          -1          -1          -1           1          -1          -1          -1          -1          -1          -1           1          -1          -1           1           1           1           1
          -1          -1           1           1          -1          -1           1          -1          -1           1           1          -1          -1          -1           1          -1          -1          -1          -1          -1
          -1          -1           1          -1          -1          -1           1           1           1           1          -1           1          -1           1           1           1          -1          -1           1          -1
          -1           1          -1           1          -1           1          -1           1           1           1          -1           1           1           1           1           1          -1          -1           1           1
           1          -1          -1          -1          -1          -1          -1           1           1           1          -1          -1           1          -1          -1           1           1          -1           1           1
           1          -1          -1           1          -1           1           1          -1           1          -1          -1          -1           1          -1           1          -1          -1           1           1           1
>>>>>>> 1c434cdd02e62efc0723d409370c0a1fa82b19cf
